  EFITD    00/00/2008    #002296  0200   0  65  65
 0.624390220E+01 0.124878049E+02 0.619999981E+01 0.307804870E+01 0.200000050E+00
 0.635000000E+01 0.580000000E+00 0.118000000E+02 0.000000000E+00 0.530000019E+01
 0.150229038E+08 0.118000000E+02 0.000000000E+00 0.635000000E+01 0.000000000E+00
 0.580000000E+00 0.000000000E+00 0.000000000E+00 0.000000000E+00 0.000000000E+00
 0.328600002E+02 0.328600002E+02 0.328600002E+02 0.328600002E+02 0.328600002E+02
 0.328600002E+02 0.328600002E+02 0.328600002E+02 0.328600002E+02 0.328600002E+02
 0.328600002E+02 0.328600002E+02 0.328600002E+02 0.328600002E+02 0.328600002E+02
 0.328600002E+02 0.328600002E+02 0.328600002E+02 0.328600002E+02 0.328600002E+02
 0.328600002E+02 0.328600002E+02 0.328600002E+02 0.328600002E+02 0.328600002E+02
 0.328600002E+02 0.328600002E+02 0.328600002E+02 0.328600002E+02 0.328600002E+02
 0.328600002E+02 0.328600002E+02 0.328600002E+02 0.328600002E+02 0.328600002E+02
 0.328600002E+02 0.328600002E+02 0.328600002E+02 0.328600002E+02 0.328600002E+02
 0.328600002E+02 0.328600002E+02 0.328600002E+02 0.328600002E+02 0.328600002E+02
 0.328600002E+02 0.328600002E+02 0.328600002E+02 0.328600002E+02 0.328600002E+02
 0.328600002E+02 0.328600002E+02 0.328600002E+02 0.328600002E+02 0.328600002E+02
 0.328600002E+02 0.328600002E+02 0.328600002E+02 0.328600002E+02 0.328600002E+02
 0.328600002E+02 0.328600002E+02 0.328600002E+02 0.328600002E+02 0.328600002E+02
 0.100000000E+01 0.100000000E+01 0.100000000E+01 0.100000000E+01 0.100000000E+01
 0.100000000E+01 0.100000000E+01 0.100000000E+01 0.100000000E+01 0.100000000E+01
 0.100000000E+01 0.100000000E+01 0.100000000E+01 0.100000000E+01 0.100000000E+01
 0.100000000E+01 0.100000000E+01 0.100000000E+01 0.100000000E+01 0.100000000E+01
 0.100000000E+01 0.100000000E+01 0.100000000E+01 0.100000000E+01 0.100000000E+01
 0.100000000E+01 0.100000000E+01 0.100000000E+01 0.100000000E+01 0.100000000E+01
 0.100000000E+01 0.100000000E+01 0.100000000E+01 0.100000000E+01 0.100000000E+01
 0.100000000E+01 0.100000000E+01 0.100000000E+01 0.100000000E+01 0.100000000E+01
 0.100000000E+01 0.100000000E+01 0.100000000E+01 0.100000000E+01 0.100000000E+01
 0.100000000E+01 0.100000000E+01 0.100000000E+01 0.100000000E+01 0.100000000E+01
 0.100000000E+01 0.100000000E+01 0.100000000E+01 0.100000000E+01 0.100000000E+01
 0.100000000E+01 0.100000000E+01 0.100000000E+01 0.100000000E+01 0.100000000E+01
 0.100000000E+01 0.100000000E+01 0.100000000E+01 0.100000000E+01 0.100000000E+01
 0.000000000E+00 0.000000000E+00 0.000000000E+00 0.000000000E+00 0.000000000E+00
 0.000000000E+00 0.000000000E+00 0.000000000E+00 0.000000000E+00 0.000000000E+00
 0.000000000E+00 0.000000000E+00 0.000000000E+00 0.000000000E+00 0.000000000E+00
 0.000000000E+00 0.000000000E+00 0.000000000E+00 0.000000000E+00 0.000000000E+00
 0.000000000E+00 0.000000000E+00 0.000000000E+00 0.000000000E+00 0.000000000E+00
 0.000000000E+00 0.000000000E+00 0.000000000E+00 0.000000000E+00 0.000000000E+00
 0.000000000E+00 0.000000000E+00 0.000000000E+00 0.000000000E+00 0.000000000E+00
 0.000000000E+00 0.000000000E+00 0.000000000E+00 0.000000000E+00 0.000000000E+00
 0.000000000E+00 0.000000000E+00 0.000000000E+00 0.000000000E+00 0.000000000E+00
 0.000000000E+00 0.000000000E+00 0.000000000E+00 0.000000000E+00 0.000000000E+00
 0.000000000E+00 0.000000000E+00 0.000000000E+00 0.000000000E+00 0.000000000E+00
 0.000000000E+00 0.000000000E+00 0.000000000E+00 0.000000000E+00 0.000000000E+00
 0.000000000E+00 0.000000000E+00 0.000000000E+00 0.000000000E+00 0.000000000E+00
 0.000000000E+00 0.000000000E+00 0.000000000E+00 0.000000000E+00 0.000000000E+00
 0.000000000E+00 0.000000000E+00 0.000000000E+00 0.000000000E+00 0.000000000E+00
 0.000000000E+00 0.000000000E+00 0.000000000E+00 0.000000000E+00 0.000000000E+00
 0.000000000E+00 0.000000000E+00 0.000000000E+00 0.000000000E+00 0.000000000E+00
 0.000000000E+00 0.000000000E+00 0.000000000E+00 0.000000000E+00 0.000000000E+00
 0.000000000E+00 0.000000000E+00 0.000000000E+00 0.000000000E+00 0.000000000E+00
 0.000000000E+00 0.000000000E+00 0.000000000E+00 0.000000000E+00 0.000000000E+00
 0.000000000E+00 0.000000000E+00 0.000000000E+00 0.000000000E+00 0.000000000E+00
 0.000000000E+00 0.000000000E+00 0.000000000E+00 0.000000000E+00 0.000000000E+00
 0.000000000E+00 0.000000000E+00 0.000000000E+00 0.000000000E+00 0.000000000E+00
 0.000000000E+00 0.000000000E+00 0.000000000E+00 0.000000000E+00 0.000000000E+00
 0.000000000E+00 0.000000000E+00 0.000000000E+00 0.000000000E+00 0.000000000E+00
 0.000000000E+00 0.000000000E+00 0.000000000E+00 0.000000000E+00 0.000000000E+00
 8.839481400e+00 9.337876300e+00 9.839568100e+00 1.033782100e+01 1.082504800e+01
 1.129294300e+01 1.173271500e+01 1.213539000e+01 1.249217800e+01 1.279480000e+01
 1.303573600e+01 1.320835100e+01 1.330689700e+01 1.332646200e+01 1.326295000e+01
 1.311315000e+01 1.287490300e+01 1.254733900e+01 1.213106200e+01 1.162821700e+01
 1.104236600e+01 1.037820400e+01 9.641152400e+00 8.836928400e+00 7.971158000e+00
 7.049071300e+00 6.075297400e+00 5.053749600e+00 3.987582400e+00 2.879199000e+00
 1.730285400e+00 5.418638000e-01-6.856498700e-01-1.952388000e+00-3.258976000e+00
-4.606480100e+00-5.996357000e+00-7.430400800e+00-8.910681700e+00-1.043947100e+01
-1.201913300e+01-1.365197300e+01-1.534000100e+01-1.708459100e+01-1.888593900e+01
-2.074228700e+01-2.264873500e+01-2.459557500e+01-2.656598500e+01-2.853315000e+01
-3.045719700e+01-3.228309200e+01-3.394168900e+01-3.535675400e+01-3.645929000e+01
-3.720579500e+01-3.759174700e+01-3.765213000e+01-3.744884100e+01-3.705304000e+01
-3.653091800e+01-3.593637800e+01-3.530948300e+01-3.467805500e+01-3.406034500e+01
 7.756611800e+00 8.159504900e+00 8.563149500e+00 8.961815800e+00 9.349303200e+00
 9.719033200e+00 1.006419200e+01 1.037789400e+01 1.065337300e+01 1.088415900e+01
 1.106422700e+01 1.118810800e+01 1.125096200e+01 1.124863000e+01 1.117767600e+01
 1.103544700e+01 1.082014700e+01 1.053090500e+01 1.016781400e+01 9.731926000e+00
 9.225168200e+00 8.650195100e+00 8.010195700e+00 7.308672900e+00 6.549232500e+00
 5.735395000e+00 4.870450000e+00 3.957351700e+00 2.998652000e+00 1.996473000e+00
 9.524996300e-01-1.320044000e-01-1.256168700e+00-2.419477900e+00-3.621726000e+00
-4.862962200e+00-6.143429300e+00-7.463489100e+00-8.823531200e+00-1.022385800e+01
-1.166453100e+01-1.314517500e+01-1.466471200e+01-1.622100400e+01-1.781039800e+01
-1.942710900e+01-2.106248700e+01-2.270412600e+01-2.433493600e+01-2.593230600e+01
-2.746775200e+01-2.890747500e+01-3.021443900e+01-3.135227000e+01-3.229067200e+01
-3.301099000e+01-3.350995300e+01-3.379994600e+01-3.390581500e+01-3.385961900e+01
-3.369534700e+01-3.344492700e+01-3.313598300e+01-3.279101200e+01-3.242754700e+01
 6.700354600e+00 7.027461100e+00 7.354309100e+00 7.675972500e+00 7.987255600e+00
 8.282760600e+00 8.556982000e+00 8.804402400e+00 9.019607500e+00 9.197394400e+00
 9.332868600e+00 9.421530700e+00 9.459350600e+00 9.442815800e+00 9.368991900e+00
 9.235554700e+00 9.040834400e+00 8.783836400e+00 8.464241000e+00 8.082388900e+00
 7.639216400e+00 7.136180400e+00 6.575145700e+00 5.958264800e+00 5.287857100e+00
 4.566294200e+00 3.795901300e+00 2.978881600e+00 2.117260000e+00 1.212847800e+00
 2.672275300e-01-7.182464600e-01-1.742433500e+00-2.804379700e+00-3.903279800e+00
-5.038428300e+00-6.209156000e+00-7.414756300e+00-8.654391300e+00-9.926974300e+00
-1.123102900e+01-1.256451200e+01-1.392460000e+01-1.530742700e+01-1.670777900e+01
-1.811875000e+01-1.953138000e+01-2.093430900e+01-2.231353800e+01-2.365237400e+01
-2.493173400e+01-2.613093400e+01-2.722903300e+01-2.820676400e+01-2.904870000e+01
-2.974526000e+01-3.029398700e+01-3.069970500e+01-3.097352200e+01-3.113104400e+01
-3.119029200e+01-3.116980400e+01-3.108720200e+01-3.095829800e+01-3.079665400e+01
 5.667808500e+00 5.936575400e+00 6.204859700e+00 6.468350400e+00 6.722591400e+00
 6.963030300e+00 7.185079600e+00 7.384180100e+00 7.555873900e+00 7.695872300e+00
 7.800127500e+00 7.864889600e+00 7.886763600e+00 7.862755800e+00 7.790311800e+00
 7.667347000e+00 7.492268100e+00 7.263982800e+00 6.981896900e+00 6.645892600e+00
 6.256296600e+00 5.813824700e+00 5.319521900e+00 4.774691600e+00 4.180820500e+00
 3.539509500e+00 2.852410800e+00 2.121174600e+00 1.347408300e+00 5.326491600e-01
-3.216518200e-01-1.214131700e+00-2.143507000e+00-3.108554100e+00-4.108077000e+00
-5.140867700e+00-6.205650800e+00-7.301019700e+00-8.425356900e+00-9.576740300e+00
-1.075282900e+01-1.195074000e+01-1.316690000e+01-1.439688500e+01-1.563525300e+01
-1.687538500e+01-1.810935000e+01-1.932781400e+01-2.052007500e+01-2.167419800e+01
-2.277738800e+01-2.381653000e+01-2.477899900e+01-2.565357000e+01-2.643139500e+01
-2.710682300e+01-2.767792100e+01-2.814655300e+01-2.851803600e+01-2.880043800e+01
-2.900369600e+01-2.913870800e+01-2.921653600e+01-2.924777800e+01-2.924215900e+01
 4.654558200e+00 4.880667200e+00 5.106365700e+00 5.327819800e+00 5.541135300e+00
 5.742392100e+00 5.927683400e+00 6.093156300e+00 6.235061200e+00 6.349795300e+00
 6.433949000e+00 6.484350200e+00 6.498100800e+00 6.472612900e+00 6.405636800e+00
 6.295280900e+00 6.140028000e+00 5.938740300e+00 5.690655200e+00 5.395374800e+00
 5.052840200e+00 4.663303900e+00 4.227290200e+00 3.745552300e+00 3.219029400e+00
 2.648801800e+00 2.036051500e+00 1.382027700e+00 6.880184400e-01-4.466841000e-02
-8.147167000e-01-1.620804300e+00-2.461596500e+00-3.335731700e+00-4.241796500e+00
-5.178293700e+00-6.143602400e+00-7.135925800e+00-8.153234500e+00-9.193195300e+00
-1.025310200e+01-1.132978500e+01-1.241953400e+01-1.351800600e+01-1.462015200e+01
-1.572016000e+01-1.681142600e+01-1.788657600e+01-1.893755500e+01-1.995580300e+01
-2.093250800e+01-2.185898800e+01-2.272710600e+01-2.352977800e+01-2.426140200e+01
-2.491827400e+01-2.549879500e+01-2.600353600e+01-2.643510400e+01-2.679783100e+01
-2.709737000e+01-2.734024600e+01-2.753342200e+01-2.768391000e+01-2.779846800e+01
 3.656526300e+00 3.854283800e+00 4.051648100e+00 4.245175800e+00 4.431428000e+00
 4.606989900e+00 4.768491700e+00 4.912635300e+00 5.036222900e+00 5.136187100e+00
 5.209620000e+00 5.253803700e+00 5.266238700e+00 5.244664200e+00 5.187081800e+00
 5.091769700e+00 4.957292600e+00 4.782508400e+00 4.566565000e+00 4.308894600e+00
 4.009200100e+00 3.667437300e+00 3.283792300e+00 2.858655900e+00 2.392597900e+00
 1.886340000e+00 1.340731100e+00 7.567254300e-01 1.353648200e-01-5.222343800e-01
-1.214888500e+00-1.941348000e+00-2.700293300e+00-3.490322800e+00-4.309937500e+00
-5.157516000e+00-6.031287200e+00-6.929295100e+00-7.849358100e+00-8.789027200e+00
-9.745539700e+00-1.071577300e+01-1.169619600e+01-1.268284000e+01-1.367126500e+01
-1.465655600e+01-1.563333800e+01-1.659583500e+01-1.753794900e+01-1.845340900e+01
-1.933595300e+01-2.017954400e+01-2.097863400e+01-2.172840700e+01-2.242503700e+01
-2.306586600e+01-2.364953000e+01-2.417598700e+01-2.464646700e+01-2.506331400e+01
-2.542980400e+01-2.574989900e+01-2.602800400e+01-2.626874400e+01-2.647675500e+01
 2.671395300e+00 2.853935700e+00 3.035764500e+00 3.213806400e+00 3.385036700e+00
 3.546484000e+00 3.695240000e+00 3.828473300e+00 3.943445700e+00 4.037531400e+00
 4.108235400e+00 4.153215900e+00 4.170299500e+00 4.157501200e+00 4.113038500e+00
 4.035341300e+00 3.923062300e+00 3.775082100e+00 3.590508500e+00 3.368674800e+00
 3.109134000e+00 2.811648400e+00 2.476178200e+00 2.102866900e+00 1.692027700e+00
 1.244126300e+00 7.597678300e-01 2.396832600e-01-3.152816900e-01-9.041743900e-01
-1.525939900e+00-2.179422400e+00-2.863361400e+00-3.576385700e+00-4.317001800e+00
-5.083578600e+00-5.874329600e+00-6.687291600e+00-7.520299900e+00-8.370964100e+00
-9.236644700e+00-1.011442800e+01-1.100110900e+01-1.189318100e+01-1.278683500e+01
-1.367797200e+01-1.456223900e+01-1.543507700e+01-1.629180000e+01-1.712769300e+01
-1.793814100e+01-1.871875800e+01-1.946555100e+01-2.017505100e+01-2.084445600e+01
-2.147172900e+01-2.205567400e+01-2.259594000e+01-2.309301000e+01-2.354811700e+01
-2.396315400e+01-2.434053000e+01-2.468304300e+01-2.499373100e+01-2.527574500e+01
 1.699843800e+00 1.879047400e+00 2.056687600e+00 2.230100400e+00 2.396688000e+00
 2.553912900e+00 2.699299300e+00 2.830439800e+00 2.945004200e+00 3.040752600e+00
 3.115547700e+00 3.167368700e+00 3.194325200e+00 3.194670000e+00 3.166808600e+00
 3.109311300e+00 3.020918100e+00 2.900545600e+00 2.747288700e+00 2.560423100e+00
 2.339402200e+00 2.083855400e+00 1.793583000e+00 1.468549700e+00 1.108879100e+00
 7.148451800e-01 2.868655300e-01-1.745062200e-01-6.685861900e-01-1.194565700e+00
-1.751513700e+00-2.338379400e+00-2.953989000e+00-3.597044200e+00-4.266115700e+00
-4.959632900e+00-5.675878000e+00-6.412970500e+00-7.168858100e+00-7.941301800e+00
-8.727869000e+00-9.525921800e+00-1.033261900e+01-1.114491300e+01-1.195956400e+01
-1.277316100e+01-1.358215400e+01-1.438289900e+01-1.517171900e+01-1.594497000e+01
-1.669913100e+01-1.743088500e+01-1.813721800e+01-1.881549600e+01-1.946355800e+01
-2.007975800e+01-2.066301500e+01-2.121283000e+01-2.172925800e+01-2.221288500e+01
-2.266476600e+01-2.308634600e+01-2.347938300e+01-2.384586300e+01-2.418790800e+01
 7.464866000e-01 9.325650900e-01 1.115644300e+00 1.293556600e+00 1.464177400e+00
 1.625419900e+00 1.775236800e+00 1.911625600e+00 2.032635200e+00 2.136376400e+00
 2.221031900e+00 2.284867300e+00 2.326241000e+00 2.343615300e+00 2.335564400e+00
 2.300782700e+00 2.238092200e+00 2.146448600e+00 2.024943800e+00 1.872812500e+00
 1.689433000e+00 1.474329900e+00 1.227176100e+00 9.477933000e-01 6.361517300e-01
 2.923693400e-01-8.329047300e-02-4.904216500e-01-9.284790800e-01-1.396781600e+00
-1.894515800e+00-2.420736600e+00-2.974370500e+00-3.554212800e+00-4.158927900e+00
-4.787046000e+00-5.436957800e+00-6.106913100e+00-6.795013900e+00-7.499212700e+00
-8.217310900e+00-8.946957600e+00-9.685656500e+00-1.043077600e+01-1.117955900e+01
-1.192915000e+01-1.267662400e+01-1.341901700e+01-1.415337800e+01-1.487681500e+01
-1.558655200e+01-1.627998500e+01-1.695474400e+01-1.760874700e+01-1.824024000e+01
-1.884784300e+01-1.943057400e+01-1.998784600e+01-2.051947800e+01-2.102565800e+01
-2.150692400e+01-2.196410600e+01-2.239828500e+01-2.281073400e+01-2.320286400e+01
-1.799218400e-01 2.092835700e-02 2.169308500e-01 4.064842200e-01 5.879721000e-01
 7.597698000e-01 9.202527400e-01 1.067805600e+00 1.200832200e+00 1.317766000e+00
 1.417079900e+00 1.497295900e+00 1.556994700e+00 1.594823800e+00 1.609505700e+00
 1.599844200e+00 1.564731800e+00 1.503154800e+00 1.414198900e+00 1.297056100e+00
 1.151029700e+00 9.755424300e-01 7.701444600e-01 5.345218200e-01 2.685031600e-01
-2.793462800e-02-3.546644200e-01-7.114088500e-01-1.097742700e+00-1.513096600e+00
-1.956761200e+00-2.427891500e+00-2.925510400e+00-3.448512300e+00-3.995663900e+00
-4.565606600e+00-5.156857500e+00-5.767808000e+00-6.396727600e+00-7.041764300e+00
-7.700946800e+00-8.372192400e+00-9.053314200e+00-9.742031100e+00-1.043598500e+01
-1.113276300e+01-1.182991500e+01-1.252498900e+01-1.321556300e+01-1.389927800e+01
-1.457388000e+01-1.523725700e+01-1.588747900e+01-1.652283500e+01-1.714185300e+01
-1.774334500e+01-1.832639500e+01-1.889039000e+01-1.943500100e+01-1.996017800e+01
-2.046612900e+01-2.095329300e+01-2.142230000e+01-2.187394500e+01-2.230914700e+01
-1.067546600e+00-8.468856800e-01-6.329535800e-01-4.267959300e-01-2.295406200e-01
-4.237651800e-02 1.334642600e-01 2.967217300e-01 4.461216300e-01 5.803876500e-01
 6.982520800e-01 7.984653700e-01 8.798044900e-01 9.410802700e-01 9.811436500e-01
 9.988910600e-01 9.932697400e-01 9.632827000e-01 9.079939700e-01 8.265351700e-01
 7.181134200e-01 5.820232000e-01 4.176652400e-01 2.245676500e-01 2.404663500e-03
-2.489903100e-01-5.296182000e-01-8.393141600e-01-1.177751700e+00-1.544450000e+00
-1.938782700e+00-2.359985100e+00-2.807162300e+00-3.279295200e+00-3.775246600e+00
-4.293764100e+00-4.833484200e+00-5.392937200e+00-5.970550500e+00-6.564651500e+00
-7.173476700e+00-7.795176000e+00-8.427824000e+00-9.069434200e+00-9.717965100e+00
-1.037135100e+01-1.102750700e+01-1.168436500e+01-1.233988900e+01-1.299210800e+01
-1.363914100e+01-1.427922300e+01-1.491073400e+01-1.553222200e+01-1.614242400e+01
-1.674027600e+01-1.732493600e+01-1.789577900e+01-1.845239400e+01-1.899459100e+01
-1.952236600e+01-2.003590000e+01-2.053554000e+01-2.102175500e+01-2.149512700e+01
-1.903789600e+00-1.661166800e+00-1.426752200e+00-1.201145400e+00-9.850735100e-01
-7.793622600e-01-5.849129600e-01-4.026832300e-01-2.336715900e-01-7.890403300e-02
 6.057681500e-02 1.837206600e-01 2.894765700e-01 3.767984200e-01 4.446487100e-01
 4.920011800e-01 5.178431300e-01 5.211778900e-01 5.010283600e-01 4.564413400e-01
 3.864877200e-01 2.902605200e-01 1.669285100e-01 1.579291200e-02-1.636712800e-01
-3.717902000e-01-6.086838200e-01-8.742722900e-01-1.168290700e+00-1.490306900e+00
-1.839738000e+00-2.215866300e+00-2.617850300e+00-3.044735000e+00-3.495457600e+00
-3.968856300e+00-4.463672600e+00-4.978557600e+00-5.512076400e+00-6.062715100e+00
-6.628884300e+00-7.208931900e+00-7.801147900e+00-8.403779000e+00-9.015040400e+00
-9.633128200e+00-1.025624200e+01-1.088259800e+01-1.151044700e+01-1.213810200e+01
-1.276395000e+01-1.338647900e+01-1.400428900e+01-1.461611900e+01-1.522085200e+01
-1.581753100e+01-1.640536900e+01-1.698374400e+01-1.755221000e+01-1.811048500e+01
-1.865844500e+01-1.919611400e+01-1.972364000e+01-2.024129500e+01-2.074943400e+01
-2.677928200e+00-2.413480500e+00-2.158026000e+00-1.911881400e+00-1.675500400e+00
-1.449447200e+00-1.234374200e+00-1.031004200e+00-8.401148300e-01-6.625266100e-01
-4.990929100e-01-3.506924800e-01-2.182243500e-01-1.026053100e-01-4.769988400e-03
 7.432648500e-02 1.337036200e-01 1.723511800e-01 1.892326900e-01 1.833121900e-01
 1.535905500e-01 9.869530800e-02 1.732551100e-02-9.159933000e-02-2.288931500e-01
-3.950527000e-01-5.902752300e-01-8.144915100e-01-1.067414800e+00-1.348585000e+00
-1.657399400e+00-1.993134300e+00-2.354961600e+00-2.741958400e+00-3.153113600e+00
-3.587333700e+00-4.043445100e+00-4.520199800e+00-5.016279200e+00-5.530298200e+00
-6.060814900e+00-6.606334700e+00-7.165320400e+00-7.736203700e+00-8.317395200e+00
-8.907296200e+00-9.504316300e+00-1.010688400e+01-1.071346500e+01-1.132257700e+01
-1.193280400e+01-1.254281500e+01-1.315137500e+01-1.375735900e+01-1.435976300e+01
-1.495771000e+01-1.555046200e+01-1.613741700e+01-1.671810900e+01-1.729221700e+01
-1.785954100e+01-1.842001000e+01-1.897366300e+01-1.952064500e+01-2.006117800e+01
-3.382854700e+00-3.098080200e+00-2.822317600e+00-2.555753900e+00-2.298694600e+00
-2.051543700e+00-1.814788300e+00-1.588984800e+00-1.374744900e+00-1.172727500e+00
-9.836297600e-01-8.081815200e-01-6.471420500e-01-5.013001600e-01-3.714773700e-01
-2.585378000e-01-1.634066800e-01-8.710892500e-02-3.086268000e-02 3.623461800e-03
 1.820074600e-02 8.080712500e-03-2.888945900e-02-9.422801400e-02-1.892906100e-01
-3.145999000e-01-4.702799300e-01-6.560418000e-01-8.713840200e-01-1.115694400e+00
-1.388259500e+00-1.688286300e+00-2.014918600e+00-2.367239700e+00-2.744271300e+00
-3.144973000e+00-3.568240900e+00-4.012909900e+00-4.477755500e+00-4.961500200e+00
-5.462815800e+00-5.980333800e+00-6.512651000e+00-7.058340500e+00-7.615959600e+00
-8.184063000e+00-8.761212300e+00-9.345994900e+00-9.937027000e+00-1.053297800e+01
-1.113257300e+01-1.173461200e+01-1.233798000e+01-1.294165200e+01-1.354470800e+01
-1.414633700e+01-1.474584200e+01-1.534264400e+01-1.593628100e+01-1.652640900e+01
-1.711280100e+01-1.769533300e+01-1.827399100e+01-1.884884800e+01-1.942006500e+01
-4.015473800e+00-3.712372800e+00-3.417633100e+00-3.131420600e+00-2.853986300e+00
-2.585656200e+00-2.326821300e+00-2.077928800e+00-1.839473200e+00-1.611989400e+00
-1.396046400e+00-1.192242400e+00-1.001202200e+00-8.235763300e-01-6.600428800e-01
-5.113140300e-01-3.781468000e-01-2.613603800e-01-1.618582000e-01-8.065093300e-02
-1.891303200e-02 2.145491500e-02 3.535504600e-02 1.699775100e-02-3.625270000e-02
-1.222179200e-01-2.416487800e-01-3.929032700e-01-5.748602200e-01-7.868226800e-01
-1.027860000e+00-1.297038000e+00-1.593471200e+00-1.916258800e+00-2.264461000e+00
-2.637093100e+00-3.033116800e+00-3.451438900e+00-3.890913000e+00-4.350344200e+00
-4.828495500e+00-5.324093800e+00-5.835835500e+00-6.362395800e+00-6.902437700e+00
-7.454621300e+00-8.017618200e+00-8.590120300e+00-9.170852700e+00-9.758585000e+00
-1.035214400e+01-1.095042000e+01-1.155238200e+01-1.215707900e+01-1.276365300e+01
-1.337134400e+01-1.397949200e+01-1.458754000e+01-1.519504100e+01-1.580165000e+01
-1.640712900e+01-1.701134500e+01-1.761425800e+01-1.821592100e+01-1.881647900e+01
-4.576135600e+00-4.256623300e+00-3.944325900e+00-3.639447500e+00-3.342242200e+00
-3.053011900e+00-2.772100200e+00-2.499888200e+00-2.236790700e+00-1.983249400e+00
-1.739729300e+00-1.506713600e+00-1.284700000e+00-1.074196500e+00-8.757184100e-01
-6.897862600e-01-5.169235500e-01-3.576578200e-01-2.125243200e-01-8.208221900e-02
 3.301015900e-02 1.294779600e-01 1.971434400e-01 2.311719800e-01 2.281210700e-01
 1.860575200e-01 1.042742800e-01-1.881675000e-02-1.713606000e-01-3.566616800e-01
-5.715759400e-01-8.148825800e-01-1.086100200e+00-1.384408600e+00-1.708917000e+00
-2.058733700e+00-2.432900200e+00-2.830383100e+00-3.250091800e+00-3.690893700e+00
-4.151620400e+00-4.631069200e+00-5.128007900e+00-5.641178100e+00-6.169307700e+00
-6.711122000e+00-7.265356100e+00-7.830765200e+00-8.406139400e+00-8.990313500e+00
-9.582174300e+00-1.018067400e+01-1.078483600e+01-1.139376100e+01-1.200663600e+01
-1.262273700e+01-1.324143400e+01-1.386219500e+01-1.448458800e+01-1.510828200e+01
-1.573304400e+01-1.635874400e+01-1.698535200e+01-1.761292600e+01-1.824162900e+01
-5.067687000e+00-4.733283500e+00-4.404632600e+00-4.081999800e+00-3.765670300e+00
-3.455949800e+00-3.153163900e+00-2.857656700e+00-2.569788500e+00-2.289933200e+00
-2.018475100e+00-1.755802600e+00-1.502304100e+00-1.258360600e+00-1.024337100e+00
-8.005695900e-01-5.873507900e-01-3.849100200e-01-1.933978600e-01-1.289193900e-02
 1.565610600e-01 3.038596500e-01 4.214092800e-01 5.036578200e-01 5.475483500e-01
 5.520834300e-01 5.171652400e-01 4.430050600e-01 3.299355500e-01 1.767157000e-01
-1.739892900e-02-2.372349900e-01-4.882627100e-01-7.670977100e-01-1.072689200e+00
-1.404700800e+00-1.762252000e+00-2.144266800e+00-2.549648500e+00-2.977308500e+00
-3.426145800e+00-3.895020500e+00-4.382745300e+00-4.888092000e+00-5.409809600e+00
-5.946639500e+00-6.497334000e+00-7.060671300e+00-7.635466100e+00-8.220582000e+00
-8.814938500e+00-9.417519600e+00-1.002738000e+01-1.064365400e+01-1.126555500e+01
-1.189238700e+01-1.252354200e+01-1.315850900e+01-1.379687100e+01-1.443831300e+01
-1.508262000e+01-1.572967600e+01-1.637946900e+01-1.703208700e+01-1.768772100e+01
-5.494526900e+00-5.146239800e+00-4.802085900e+00-4.462392800e+00-4.127480500e+00
-3.797668700e+00-3.473277100e+00-3.154627300e+00-2.842043900e+00-2.535852000e+00
-2.236375600e+00-1.943933200e+00-1.658833700e+00-1.381367200e+00-1.111794400e+00
-8.503304100e-01-5.971158700e-01-3.521606600e-01-1.152151500e-01 1.145059500e-01
 3.298383400e-01 5.192043800e-01 6.737409200e-01 7.881810700e-01 8.618398900e-01
 9.018265600e-01 9.102015500e-01 8.868029100e-01 8.301645500e-01 7.357300500e-01
 5.990725800e-01 4.221025400e-01 2.017070900e-01-6.162075700e-02-3.497242600e-01
-6.690809700e-01-1.015669200e+00-1.387707400e+00-1.784076300e+00-2.203863900e+00
-2.646166600e+00-3.109942900e+00-3.594013200e+00-4.097111200e+00-4.617932300e+00
-5.155170900e+00-5.707543400e+00-6.273804200e+00-6.852757500e+00-7.443265400e+00
-8.044254300e+00-8.654717400e+00-9.273726500e+00-9.900427800e+00-1.053405300e+01
-1.117391900e+01-1.181943500e+01-1.247010300e+01-1.312552200e+01-1.378539100e+01
-1.444951100e+01-1.511778500e+01-1.579022400e+01-1.646694800e+01-1.714818600e+01
-5.861794000e+00-5.500125400e+00-5.140945900e+00-4.784626000e+00-4.431510400e+00
-4.081926300e+00-3.736187200e+00-3.394597300e+00-3.057452200e+00-2.725041400e+00
-2.397645700e+00-2.075537900e+00-1.758977100e+00-1.448204600e+00-1.143438000e+00
-8.448655600e-01-5.526537300e-01-2.670224300e-01 1.137262700e-02 2.859703000e-01
 5.376867700e-01 7.537553300e-01 9.236853100e-01 1.061732500e+00 1.172218900e+00
 1.253030200e+00 1.302989400e+00 1.320764700e+00 1.305216300e+00 1.255381800e+00
 1.170296500e+00 1.049366000e+00 8.923514500e-01 6.946219200e-01 4.477280400e-01
 1.531086300e-01-1.892814500e-01-5.564929800e-01-9.483454800e-01-1.364696100e+00
-1.805522100e+00-2.269774400e+00-2.756018900e+00-3.262743700e+00-3.788455700e+00
-4.331711800e+00-4.891133800e+00-5.465416000e+00-6.053326100e+00-6.653707500e+00
-7.265476700e+00-7.887625200e+00-8.519224200e+00-9.159423800e+00-9.807461700e+00
-1.046266000e+01-1.112443500e+01-1.179229800e+01-1.246585600e+01-1.314481800e+01
-1.382899700e+01-1.451831200e+01-1.521279200e+01-1.591258000e+01-1.661793900e+01
-6.174703600e+00-5.799744600e+00-5.425705900e+00-5.052969900e+00-4.681881400e+00
-4.312758400e+00-3.945897600e+00-3.581578500e+00-3.220069200e+00-2.861626600e+00
-2.506499300e+00-2.154927500e+00-1.807142400e+00-1.463365600e+00-1.123803400e+00
-7.886378800e-01-4.579992900e-01-1.318887800e-01 1.900063800e-01 4.980155200e-01
 7.746781100e-01 1.005648300e+00 1.211101400e+00 1.391500400e+00 1.544217700e+00
 1.667140800e+00 1.758486500e+00 1.816679000e+00 1.840338800e+00 1.828293700e+00
 1.779595400e+00 1.693552500e+00 1.569752100e+00 1.407933800e+00 1.208023400e+00
 9.686230400e-01 6.882445200e-01 3.510846800e-01-3.799734300e-02-4.509263300e-01
-8.961316900e-01-1.367810600e+00-1.863171800e+00-2.380222100e+00-2.917209400e+00
-3.472509900e+00-4.044632400e+00-4.632212200e+00-5.233991600e+00-5.848799700e+00
-6.475544900e+00-7.113212100e+00-7.760865200e+00-8.417650200e+00-9.082798000e+00
-9.755632400e+00-1.043556800e+01-1.112211600e+01-1.181488700e+01-1.251359400e+01
-1.321805500e+01-1.392819500e+01-1.464404900e+01-1.536577200e+01-1.609363900e+01
-6.438018300e+00-6.049621600e+00-5.660715600e+00-5.271650300e+00-4.882738600e+00
-4.494266000e+00-4.106493500e+00-3.719665800e+00-3.334013500e+00-2.949758300e+00
-2.567115300e+00-2.186295500e+00-1.807510700e+00-1.430975300e+00-1.056914300e+00
-6.855807900e-01-3.173169500e-01 4.720304500e-02 4.082992700e-01 7.444204100e-01
 1.037729500e+00 1.309647800e+00 1.558695300e+00 1.782130600e+00 1.977547300e+00
 2.142717800e+00 2.275585900e+00 2.374262600e+00 2.437052000e+00 2.462474100e+00
 2.449297200e+00 2.396563500e+00 2.303612700e+00 2.170082300e+00 1.995921300e+00
 1.781390400e+00 1.527220200e+00 1.234372300e+00 9.021077800e-01 5.241830300e-01
 9.038012500e-02-3.986504400e-01-9.113996600e-01-1.446408000e+00-2.001807000e+00
-2.575644500e+00-3.166352000e+00-3.772616600e+00-4.393238100e+00-5.027075300e+00
-5.673038500e+00-6.330101500e+00-6.997311100e+00-7.673798100e+00-8.358779900e+00
-9.051569000e+00-9.751574500e+00-1.045830200e+01-1.117136100e+01-1.189046000e+01
-1.261541400e+01-1.334614500e+01-1.408268300e+01-1.482517500e+01-1.557388400e+01
-6.655719800e+00-6.253739800e+00-5.849960300e+00-5.444662100e+00-5.038096000e+00
-4.630489800e+00-4.222052100e+00-3.812974700e+00-3.403440500e+00-2.993623700e+00
-2.583696600e+00-2.173832400e+00-1.764211100e+00-1.355024000e+00-9.464786600e-01
-5.387941600e-01-1.321638800e-01 2.734009900e-01 6.652727700e-01 1.019844200e+00
 1.354689600e+00 1.669837400e+00 1.962205800e+00 2.229015100e+00 2.467645900e+00
 2.675585000e+00 2.850440500e+00 2.989970000e+00 3.092108500e+00 3.155020700e+00
 3.177127400e+00 3.157152400e+00 3.094157200e+00 2.987564600e+00 2.837161500e+00
 2.643114800e+00 2.405968900e+00 2.126592900e+00 1.806064800e+00 1.445608300e+00
 1.045835300e+00 6.048085700e-01 1.012732500e-01-4.602585400e-01-1.042980400e+00
-1.642023100e+00-2.256863400e+00-2.886922400e+00-3.531245500e+00-4.188712600e+00
-4.858188600e+00-5.538592300e+00-6.228924800e+00-6.928280400e+00-7.635853300e+00
-8.350938800e+00-9.072936100e+00-9.801343900e+00-1.053576600e+01-1.127590900e+01
-1.202157700e+01-1.277268300e+01-1.352923900e+01-1.429136700e+01-1.505929900e+01
-6.831014600e+00-6.415522600e+00-5.997033600e+00-5.575736500e+00-5.151802500e+00
-4.725385200e+00-4.296624200e+00-3.865646600e+00-3.432570700e+00-2.997510900e+00
-2.560580700e+00-2.121898200e+00-1.681592700e+00-1.239812900e+00-7.967404700e-01
-3.526304700e-01 9.204425700e-02 5.347417600e-01 9.492929600e-01 1.342880200e+00
 1.720664900e+00 2.079174500e+00 2.415305400e+00 2.726089000e+00 3.008612400e+00
 3.260021400e+00 3.477523800e+00 3.658481800e+00 3.800382600e+00 3.900976900e+00
 3.958296300e+00 3.970701000e+00 3.936935900e+00 3.856158500e+00 3.727954900e+00
 3.552322400e+00 3.329701200e+00 3.060887100e+00 2.747034100e+00 2.389558300e+00
 1.990071900e+00 1.550103500e+00 1.070179200e+00 5.453976400e-01-5.457784200e-02
-6.768882300e-01-1.318253800e+00-1.976482700e+00-2.649421700e+00-3.335344800e+00
-4.032841700e+00-4.740696000e+00-5.457830900e+00-6.183293800e+00-6.916252100e+00
-7.655988200e+00-8.401895500e+00-9.153475800e+00-9.910333600e+00-1.067217300e+01
-1.143879700e+01-1.221010200e+01-1.298608000e+01-1.376681800e+01-1.455249800e+01
-6.966656200e+00-6.538048300e+00-6.105272800e+00-5.668428900e+00-5.227601500e+00
-4.782863600e+00-4.334276200e+00-3.881890300e+00-3.425747900e+00-2.965887300e+00
-2.502346500e+00-2.035167500e+00-1.564403100e+00-1.090122800e+00-6.124141800e-01
-1.313528300e-01 3.531591900e-01 8.258469100e-01 1.271159100e+00 1.706854100e+00
 2.127632400e+00 2.529888600e+00 2.910352500e+00 3.265808300e+00 3.592996100e+00
 3.888660900e+00 4.149577600e+00 4.372602500e+00 4.554763800e+00 4.693326500e+00
 4.785871000e+00 4.830350400e+00 4.825159500e+00 4.769166000e+00 4.661739300e+00
 4.502763300e+00 4.292611600e+00 4.032121200e+00 3.722550200e+00 3.365506600e+00
 2.962909700e+00 2.516921500e+00 2.029886500e+00 1.504274100e+00 9.418755800e-01
 3.302864700e-01-3.458049600e-01-1.041577700e+00-1.750182000e+00-2.470256800e+00
-3.200702700e+00-3.940351200e+00-4.688096000e+00-5.442957900e+00-6.204095400e+00
-6.970800900e+00-7.742486000e+00-8.518674900e+00-9.298993100e+00-1.008316000e+01
-1.087098400e+01-1.166235800e+01-1.245725400e+01-1.325572400e+01-1.405789600e+01
-7.065345800e+00-6.624323400e+00-6.177953700e+00-5.726253000e+00-5.269225600e+00
-4.806862800e+00-4.339143300e+00-3.866033300e+00-3.387488600e+00-2.903458100e+00
-2.413886300e+00-1.918717500e+00-1.417901800e+00-9.114045500e-01-3.992381700e-01
 1.184169200e-01 6.399312600e-01 1.135492200e+00 1.624572400e+00 2.102794900e+00
 2.566716400e+00 3.012998100e+00 3.438241000e+00 3.838928000e+00 4.211418600e+00
 4.551991900e+00 4.856920200e+00 5.122539000e+00 5.345336900e+00 5.522052800e+00
 5.649765500e+00 5.725986500e+00 5.748712100e+00 5.716500800e+00 5.628510000e+00
 5.484502800e+00 5.284837200e+00 5.030439400e+00 4.722751100e+00 4.363669900e+00
 3.955488000e+00 3.500827300e+00 3.002611900e+00 2.464017200e+00 1.888366800e+00
 1.278207300e+00 6.294848900e-01-9.670049000e-02-8.412724700e-01-1.599659400e+00
-2.367897500e+00-3.143809100e+00-3.926022300e+00-4.713526700e+00-5.505522700e+00
-6.301364400e+00-7.100532500e+00-7.902613600e+00-8.707288700e+00-9.514322300e+00
-1.032355100e+01-1.113487900e+01-1.194827200e+01-1.276375600e+01-1.358140700e+01
-7.129977200e+00-6.677475900e+00-6.218430000e+00-5.752785700e+00-5.280472800e+00
-4.801402600e+00-4.315469300e+00-3.822550500e+00-3.322507600e+00-2.815189100e+00
-2.300432700e+00-1.778068700e+00-1.247921500e+00-7.098052500e-01-1.635116000e-01
 3.911640300e-01 9.370309700e-01 1.472072800e+00 2.001338500e+00 2.521047100e+00
 3.027755000e+00 3.517980300e+00 3.988066000e+00 4.434125900e+00 4.852094200e+00
 5.237755800e+00 5.586846800e+00 5.895143500e+00 6.158563600e+00 6.373277200e+00
 6.535814300e+00 6.643198500e+00 6.693010300e+00 6.683486000e+00 6.613553000e+00
 6.482855800e+00 6.291752300e+00 6.041269800e+00 5.733065100e+00 5.369330900e+00
 4.952714900e+00 4.486236100e+00 3.973198200e+00 3.417082100e+00 2.821473400e+00
 2.190013900e+00 1.526571500e+00 8.353138000e-01 8.439314400e-02-7.294263800e-01
-1.543114500e+00-2.360201600e+00-3.180589200e+00-4.003660200e+00-4.828823600e+00
-5.655597700e+00-6.483603500e+00-7.312552000e+00-8.142226200e+00-8.972471200e+00
-9.803182600e+00-1.063430100e+01-1.146580600e+01-1.229771000e+01-1.313005700e+01
-7.163689100e+00-6.700806100e+00-6.230182600e+00-5.751702800e+00-5.265227800e+00
-4.770592700e+00-4.267606700e+00-3.756054200e+00-3.235696300e+00-2.706270900e+00
-2.167498600e+00-1.619087600e+00-1.060751100e+00-4.922518100e-01 8.643709900e-02
 6.775413800e-01 1.249044200e+00 1.821873300e+00 2.390271900e+00 2.950541300e+00
 3.499221100e+00 4.032667200e+00 4.546917900e+00 5.037711600e+00 5.500514000e+00
 5.930605900e+00 6.323166800e+00 6.673375100e+00 6.976535800e+00 7.228213800e+00
 7.424406500e+00 7.561671700e+00 7.637230400e+00 7.649022600e+00 7.595758000e+00
 7.476932000e+00 7.292837100e+00 7.044548500e+00 6.733883400e+00 6.363328000e+00
 5.935913600e+00 5.455091000e+00 4.924609200e+00 4.348403000e+00 3.730515700e+00
 3.075004100e+00 2.385916500e+00 1.667072900e+00 9.205700800e-01 1.227656900e-01
-7.410562000e-01-1.602553500e+00-2.463799200e+00-3.324528900e+00-4.184414900e+00
-5.043232900e+00-5.900831700e+00-6.757111100e+00-7.612006700e+00-8.465482700e+00
-9.317525900e+00-1.016813600e+01-1.101732800e+01-1.186512300e+01-1.271154800e+01
-7.169800300e+00-6.697743400e+00-6.216780200e+00-5.726742300e+00-5.227426500e+00
-4.718594100e+00-4.199970200e+00-3.671244400e+00-3.132070500e+00-2.582065800e+00
-2.020812300e+00-1.447854600e+00-8.627035000e-01-2.648578900e-01 3.460866200e-01
 9.574568900e-01 1.566068100e+00 2.174890000e+00 2.780448900e+00 3.379439600e+00
 3.968345900e+00 4.543285800e+00 5.099969400e+00 5.633709000e+00 6.139503000e+00
 6.612084400e+00 7.046006700e+00 7.435779600e+00 7.776060100e+00 8.061883900e+00
 8.288842200e+00 8.453230900e+00 8.552091600e+00 8.583233800e+00 8.545214700e+00
 8.437336900e+00 8.259683600e+00 8.013159800e+00 7.699525800e+00 7.321383500e+00
 6.882082900e+00 6.385551500e+00 5.836080100e+00 5.238140600e+00 4.596262000e+00
 3.914948700e+00 3.198624800e+00 2.451605600e+00 1.678192900e+00 8.818142400e-01
 3.034145000e-02-8.852860900e-01-1.790231800e+00-2.689577800e+00-3.584533700e+00
-4.475456200e+00-5.362524500e+00-6.245877300e+00-7.125638000e+00-8.001914000e+00
-8.874800700e+00-9.744379000e+00-1.061071400e+01-1.147385400e+01-1.233382600e+01
-7.151693800e+00-6.671739100e+00-6.181783700e+00-5.681613000e+00-5.170964700e+00
-4.649528500e+00-4.116947200e+00-3.572814700e+00-3.016678300e+00-2.448036700e+00
-1.866339200e+00-1.270973600e+00-6.612247200e-01-3.610487700e-02 6.063914300e-01
 1.238679200e+00 1.878410000e+00 2.519981600e+00 3.159927400e+00 3.794907100e+00
 4.421244100e+00 5.034786700e+00 5.630868400e+00 6.204372900e+00 6.749752500e+00
 7.261084100e+00 7.732175800e+00 8.156824100e+00 8.529102300e+00 8.843682300e+00
 9.096088400e+00 9.282698600e+00 9.400809300e+00 9.448370000e+00 9.423944500e+00
 9.326630600e+00 9.156119300e+00 8.912776000e+00 8.597888000e+00 8.213761300e+00
 7.763773900e+00 7.252205400e+00 6.683936100e+00 6.064152200e+00 5.398038900e+00
 4.690619500e+00 3.946752800e+00 3.171065600e+00 2.367937100e+00 1.541411000e+00
 6.926784500e-01-2.382269100e-01-1.178299800e+00-2.113750700e+00-3.042348900e+00
-3.964132800e+00-4.879495600e+00-5.788815000e+00-6.692403800e+00-7.590515600e+00
-8.483354600e+00-9.371085200e+00-1.025383100e+01-1.113167800e+01-1.200467000e+01
-7.112666600e+00-6.626121000e+00-6.128604400e+00-5.619860200e+00-5.099568400e+00
-4.567349900e+00-4.022760900e+00-3.465300600e+00-2.894407000e+00-2.309464500e+00
-1.709810100e+00-1.094748000e+00-4.635686900e-01 1.844619100e-01 8.493989700e-01
 1.508447400e+00 2.175535200e+00 2.846097000e+00 3.516694500e+00 4.183848900e+00
 4.843635600e+00 5.491580500e+00 6.122624900e+00 6.731145900e+00 7.310930300e+00
 7.855237500e+00 8.357052800e+00 8.809456800e+00 9.206144300e+00 9.541806200e+00
 9.812290200e+00 1.001466100e+01 1.014674600e+01 1.020692600e+01 1.019391400e+01
 1.010665900e+01 9.944390300e+00 9.706738500e+00 9.394069700e+00 9.007813500e+00
 8.550812700e+00 8.027335200e+00 7.442735700e+00 6.802959900e+00 6.114067100e+00
 5.381861200e+00 4.611737300e+00 3.808739900e+00 2.977536900e+00 2.122384800e+00
 1.246418400e+00 3.421971800e-01-6.414973700e-01-1.611715200e+00-2.571022300e+00
-3.520916000e+00-4.462241600e+00-5.395550700e+00-6.321260000e+00-7.239712200e+00
-8.151193600e+00-9.055940600e+00-9.954134900e+00-1.084590700e+01-1.173132800e+01
-7.055707900e+00-6.563886600e+00-6.060316100e+00-5.544693000e+00-5.016638800e+00
-4.475697500e+00-3.921339000e+00-3.352956800e+00-2.769868400e+00-2.171313800e+00
-1.556460600e+00-9.244204800e-01-2.743042100e-01 3.946323400e-01 1.068759400e+00
 1.754241700e+00 2.446206100e+00 3.142032400e+00 3.838903900e+00 4.533437700e+00
 5.221560500e+00 5.898486600e+00 6.558740600e+00 7.196097400e+00 7.803535900e+00
 8.373429300e+00 8.897917700e+00 9.369586900e+00 9.782085400e+00 1.013067300e+01
 1.041209100e+01 1.062414800e+01 1.076525600e+01 1.083414800e+01 1.082973600e+01
 1.075094800e+01 1.059669400e+01 1.036606000e+01 1.005847700e+01 9.674215300e+00
 9.214952500e+00 8.684271800e+00 8.087586400e+00 7.431501900e+00 6.723027700e+00
 5.968945000e+00 5.175422700e+00 4.348005800e+00 3.491735200e+00 2.611210600e+00
 1.710706900e+00 7.929299500e-01-2.061087000e-01-1.197838800e+00-2.181295900e+00
-3.155354300e+00-4.119727100e+00-5.074583100e+00-6.020263200e+00-6.957145700e+00
-7.885589100e+00-8.805902500e+00-9.718333200e+00-1.062306400e+01-1.152020600e+01
-6.983175300e+00-6.487436300e+00-5.979430200e+00-5.458792700e+00-4.925073600e+00
-4.377739400e+00-3.816170700e+00-3.239660300e+00-2.647405400e+00-2.038494600e+00
-1.411878300e+00-7.663099800e-01-1.002360000e-01 5.882621400e-01 1.274399800e+00
 1.974824800e+00 2.684069600e+00 3.398891200e+00 4.116109400e+00 4.832036500e+00
 5.542291200e+00 6.241732100e+00 6.924399900e+00 7.583397400e+00 8.210867900e+00
 8.798308400e+00 9.337236400e+00 9.820046400e+00 1.024094100e+01 1.059606000e+01
 1.088296200e+01 1.109995000e+01 1.124577100e+01 1.131957800e+01 1.132057500e+01
 1.124781000e+01 1.110003700e+01 1.087577900e+01 1.057381000e+01 1.019349400e+01
 9.735314400e+00 9.201687800e+00 8.597463600e+00 7.929541600e+00 7.205793900e+00
 6.433982400e+00 5.621202500e+00 4.773643500e+00 3.896745900e+00 2.995314600e+00
 2.073513000e+00 1.134278800e+00 1.670814900e-01-8.636313700e-01-1.875775500e+00
-2.873774300e+00-3.859283200e+00-4.833267700e+00-5.796461600e+00-6.749475000e+00
-7.692820500e+00-8.626918800e+00-9.552101100e+00-1.046861500e+01-1.137661400e+01
-6.896453400e+00-6.398318800e+00-5.887694400e+00-5.364132900e+00-4.827103600e+00
-4.275991400e+00-3.710098500e+00-3.128638000e+00-2.530733600e+00-1.915414200e+00
-1.281621800e+00-6.282782000e-01 4.536157100e-02 7.509673800e-01 1.446874400e+00
 2.157953500e+00 2.879196600e+00 3.607204200e+00 4.338559600e+00 5.069337400e+00
 5.794877500e+00 6.509707500e+00 7.207420300e+00 7.880472200e+00 8.520301800e+00
 9.117721600e+00 9.663890800e+00 1.015147200e+01 1.057540700e+01 1.093258800e+01
 1.122092500e+01 1.143896000e+01 1.158588200e+01 1.166120300e+01 1.166439000e+01
 1.159470800e+01 1.145097300e+01 1.123133800e+01 1.093375900e+01 1.055687800e+01
 1.010049200e+01 9.566052400e+00 8.957524300e+00 8.281732600e+00 7.547081000e+00
 6.762199900e+00 5.935027600e+00 5.072437800e+00 4.180389900e+00 3.264199700e+00
 2.328683400e+00 1.378139600e+00 4.099680200e-01-6.391210000e-01-1.670977800e+00
-2.687259900e+00-3.689441200e+00-4.678718100e+00-5.656059300e+00-6.622254800e+00
-7.577951900e+00-8.523672100e+00-9.459825500e+00-1.038671500e+01-1.130454100e+01
-6.795802100e+00-6.297124900e+00-5.786007400e+00-5.261905200e+00-4.724200700e+00
-4.172201200e+00-3.605136600e+00-3.022157200e+00-2.422331600e+00-1.804643000e+00
-1.167985100e+00-5.111506600e-01 1.672088700e-01 8.705303100e-01 1.576169300e+00
 2.295115900e+00 3.023811600e+00 3.759351000e+00 4.498461700e+00 5.237202600e+00
 5.970789900e+00 6.693547700e+00 7.398742200e+00 8.078380600e+00 8.723398200e+00
 9.324255900e+00 9.872031200e+00 1.035977800e+01 1.078305400e+01 1.113910200e+01
 1.142592800e+01 1.164247400e+01 1.178838000e+01 1.186300500e+01 1.186563500e+01
 1.179558300e+01 1.165217800e+01 1.143393500e+01 1.113807100e+01 1.076239600e+01
 1.030629900e+01 9.770752000e+00 9.159219700e+00 8.478215200e+00 7.736392000e+00
 6.942924500e+00 6.106291800e+00 5.233840000e+00 4.331838100e+00 3.405843500e+00
 2.460849000e+00 1.501260800e+00 5.263343500e-01-5.332468200e-01-1.576128700e+00
-2.603474400e+00-3.616445800e+00-4.616125600e+00-5.603477500e+00-6.579333800e+00
-7.544396400e+00-8.499240900e+00-9.444321600e+00-1.037998100e+01-1.130645000e+01
-6.680533900e+00-6.183614700e+00-5.674512900e+00-5.152588400e+00-4.617140300e+00
-4.067402800e+00-3.502543200e+00-2.921658800e+00-2.323772900e+00-1.707832000e+00
-1.072704600e+00-4.171820900e-01 2.600087500e-01 9.561529200e-01 1.664411200e+00
 2.384972100e+00 3.114775700e+00 3.851158100e+00 4.590976200e+00 5.330306500e+00
 6.064344900e+00 6.787360200e+00 7.492464100e+00 8.171495400e+00 8.815199900e+00
 9.413953800e+00 9.958866100e+00 1.044329300e+01 1.086304200e+01 1.121549300e+01
 1.149875600e+01 1.171192700e+01 1.185472200e+01 1.192633200e+01 1.192603700e+01
 1.185313900e+01 1.170695900e+01 1.148637600e+01 1.118837600e+01 1.081049500e+01
 1.035195700e+01 9.813630100e+00 9.198866800e+00 8.514149700e+00 7.768196100e+00
 6.970303500e+00 6.129068900e+00 5.251922100e+00 4.345182400e+00 3.414426100e+00
 2.464651600e+00 1.500254600e+00 5.204464800e-01-5.439546100e-01-1.591782800e+00
-2.624217700e+00-3.642442200e+00-4.647562500e+00-5.640566300e+00-6.622310600e+00
-7.593518700e+00-8.554786700e+00-9.506588900e+00-1.044928200e+01-1.138311200e+01
-6.549396000e+00-6.057008300e+00-5.552832100e+00-5.036142800e+00-4.506166500e+00
-3.962078800e+00-3.402998400e+00-2.827982900e+00-2.236023200e+00-1.626037400e+00
-9.968642600e-01-3.472538300e-01 3.241461500e-01 1.010739800e+00 1.713111000e+00
 2.427603000e+00 3.151102500e+00 3.880896100e+00 4.613837700e+00 5.346023600e+00
 6.072685700e+00 6.788151700e+00 7.485609100e+00 8.157006300e+00 8.793233900e+00
 9.384812400e+00 9.922959300e+00 1.040101800e+01 1.081473700e+01 1.116145600e+01
 1.143921800e+01 1.164697600e+01 1.178434300e+01 1.185063600e+01 1.184511200e+01
 1.176705200e+01 1.161574500e+01 1.138939900e+01 1.108531600e+01 1.070153000e+01
 1.023749400e+01 9.694383600e+00 9.075897200e+00 8.388741500e+00 7.641587300e+00
 6.843427200e+00 6.002518700e+00 5.125965600e+00 4.219846700e+00 3.289541500e+00
 2.339877400e+00 1.375129300e+00 3.925241200e-01-6.709718100e-01-1.717606800e+00
-2.749076600e+00-3.766925800e+00-4.772431400e+00-5.766640200e+00-6.750417200e+00
-7.724476800e+00-8.689404500e+00-9.645666100e+00-1.059361300e+01-1.153348800e+01
-6.400979000e+00-5.916331300e+00-5.420352900e+00-4.912253400e+00-4.391206700e+00
-3.856349700e+00-3.306773700e+00-2.741519200e+00-2.159568500e+00-1.559838300e+00
-9.411703900e-01-3.023210800e-01 3.580536200e-01 1.031253300e+00 1.721093900e+00
 2.422589100e+00 3.132607700e+00 3.848416300e+00 4.566881200e+00 5.284160600e+00
 5.995605000e+00 6.695702600e+00 7.377935900e+00 8.034621200e+00 8.657099700e+00
 9.236259500e+00 9.763512600e+00 1.023196500e+01 1.063697100e+01 1.097562600e+01
 1.124593400e+01 1.144647800e+01 1.157642900e+01 1.163522600e+01 1.162221900e+01
 1.153652100e+01 1.137677000e+01 1.114104300e+01 1.082737000e+01 1.043466200e+01
 9.962909700e+00 9.413946200e+00 8.792236300e+00 8.104844100e+00 7.360073100e+00
 6.566229300e+00 5.730848800e+00 4.860414500e+00 3.960536000e+00 3.036111100e+00
 2.091354600e+00 1.129246000e+00 1.389178000e-01-9.159266400e-01-1.952475000e+00
-2.975460300e+00-3.986740400e+00-4.987442500e+00-5.978443600e+00-6.960481200e+00
-7.934183600e+00-8.900076900e+00-9.858589200e+00-1.081004800e+01-1.175468200e+01
-6.234088900e+00-5.760749800e+00-5.276528400e+00-4.780592400e+00-4.272093300e+00
-3.750156900e+00-3.213877200e+00-2.662307300e+00-2.094452400e+00-1.509262400e+00
-9.056254600e-01-2.823597200e-01 3.617971200e-01 1.017825200e+00 1.688863800e+00
 2.370849100e+00 3.060592900e+00 3.755358200e+00 4.452041600e+00 5.146927800e+00
 5.835532200e+00 6.512608500e+00 7.172052900e+00 7.806760300e+00 8.408754300e+00
 8.969538700e+00 9.480869300e+00 9.935626000e+00 1.032859000e+01 1.065629100e+01
 1.091644100e+01 1.110740500e+01 1.122791300e+01 1.127703000e+01 1.125382300e+01
 1.115717100e+01 1.098565100e+01 1.073787700e+01 1.041267100e+01 1.000965300e+01
 9.529747000e+00 8.975919700e+00 8.353542300e+00 7.669617200e+00 6.931755100e+00
 6.147307900e+00 5.322891700e+00 4.464324500e+00 3.576818200e+00 2.665065800e+00
 1.733463600e+00 7.850300700e-01-2.461055400e-01-1.270228400e+00-2.286778000e+00
-3.294901800e+00-4.294543700e+00-5.286078000e+00-6.270033800e+00-7.246963000e+00
-8.217382400e+00-9.181749300e+00-1.014044600e+01-1.109377500e+01-1.204195500e+01
-6.048128100e+00-5.589914300e+00-5.121172400e+00-4.641070400e+00-4.148776100e+00
-3.643443100e+00-3.124202500e+00-2.590153700e+00-2.040355200e+00-1.473818900e+00
-8.895088400e-01-2.863432800e-01 3.367934200e-01 9.721904400e-01 1.618499000e+00
 2.274874200e+00 2.938025500e+00 3.605213200e+00 4.273388400e+00 4.938945300e+00
 5.597608100e+00 6.244432400e+00 6.873761700e+00 7.479165100e+00 8.053455400e+00
 8.588965400e+00 9.078025800e+00 9.513602300e+00 9.889911700e+00 1.020273000e+01
 1.044912500e+01 1.062702300e+01 1.073484800e+01 1.077125000e+01 1.073503700e+01
 1.062500600e+01 1.044005500e+01 1.017928100e+01 9.842308000e+00 9.429821000e+00
 8.944064100e+00 8.389160200e+00 7.770733800e+00 7.095277300e+00 6.369423900e+00
 5.599463900e+00 4.791133400e+00 3.949672200e+00 3.079872800e+00 2.186048700e+00
 1.271447800e+00 3.292479800e-01-6.930264800e-01-1.702810800e+00-2.702916100e+00
-3.695084100e+00-4.680401300e+00-5.659650800e+00-6.633471000e+00-7.602416000e+00
-8.566972700e+00-9.527564000e+00-1.048455200e+01-1.143822600e+01-1.238880700e+01
-5.843525900e+00-5.404309300e+00-4.954747700e+00-4.494070500e+00-4.021515400e+00
-3.536310900e+00-3.037668500e+00-2.524769300e+00-1.996753200e+00-1.452709600e+00
-8.916662900e-01-3.125893800e-01 2.855887700e-01 8.982330000e-01 1.513553100e+00
 2.138429600e+00 2.769260900e+00 3.403121200e+00 4.036918200e+00 4.667109500e+00
 5.289609900e+00 5.899753100e+00 6.492318600e+00 7.061512900e+00 7.600949800e+00
 8.103826500e+00 8.563225700e+00 8.972529400e+00 9.325858100e+00 9.618401500e+00
 9.846454600e+00 1.000729100e+01 1.009885500e+01 1.011953400e+01 1.006800000e+01
 9.943182900e+00 9.744345700e+00 9.471334500e+00 9.124818800e+00 8.706716500e+00
 8.220295000e+00 7.670006800e+00 7.061142400e+00 6.399350600e+00 5.690239900e+00
 4.939158000e+00 4.151138800e+00 3.330961200e+00 2.483144500e+00 1.612021400e+00
 7.198401100e-01-2.546819700e-01-1.239224000e+00-2.220520300e+00-3.196681500e+00
-4.168034100e+00-5.135242500e+00-6.098946600e+00-7.059714800e+00-8.018050200e+00
-8.974398600e+00-9.929157300e+00-1.088267400e+01-1.183524500e+01-1.278710900e+01
-5.622156100e+00-5.205553500e+00-4.778581100e+00-4.340605300e+00-3.890994800e+00
-3.429109100e+00-2.954287500e+00-2.465838900e+00-1.963031500e+00-1.445074600e+00
-9.110886500e-01-3.600375100e-01 2.094247900e-01 7.985169900e-01 1.376363300e+00
 1.965051300e+00 2.559245300e+00 3.155404100e+00 3.750253000e+00 4.340295800e+00
 4.921631800e+00 5.489882900e+00 6.040224100e+00 6.567396200e+00 7.065734400e+00
 7.529243000e+00 7.951785100e+00 8.327353500e+00 8.650341000e+00 8.915827800e+00
 9.119719500e+00 9.258734700e+00 9.330383300e+00 9.332778000e+00 9.264590300e+00
 9.125050500e+00 8.913991000e+00 8.632080100e+00 8.280893300e+00 7.863015200e+00
 7.381954200e+00 6.841909900e+00 6.247516200e+00 5.603548500e+00 4.914738200e+00
 4.185700900e+00 3.420916800e+00 2.624728200e+00 1.801376900e+00 9.540677700e-01
 5.907233800e-02-9.032491400e-01-1.857013500e+00-2.807300800e+00-3.755528200e+00
-4.702313900e+00-5.648118500e+00-6.593370400e+00-7.538482700e+00-8.483855200e+00
-9.429870600e+00-1.037689400e+01-1.132526600e+01-1.227530200e+01-1.322728400e+01
-5.387549900e+00-4.996511500e+00-4.594913000e+00-4.182327700e+00-3.758312900e+00
-3.322401800e+00-2.874102600e+00-2.412896400e+00-1.938237000e+00-1.449557200e+00
-9.462840000e-01-4.278669400e-01 1.062137400e-01 6.626291300e-01 1.206028600e+00
 1.758283300e+00 2.313957500e+00 2.869712600e+00 3.422471800e+00 3.968956500e+00
 4.505520300e+00 5.028119100e+00 5.532304300e+00 6.013286100e+00 6.465990100e+00
 6.885123300e+00 7.265276000e+00 7.601090400e+00 7.887461700e+00 8.119748100e+00
 8.293879500e+00 8.406495100e+00 8.454946500e+00 8.437304500e+00 8.352366400e+00
 8.199667900e+00 7.979507400e+00 7.693003700e+00 7.342071100e+00 6.929369400e+00
 6.458171400e+00 5.932176100e+00 5.355320900e+00 4.731661800e+00 4.065280900e+00
 3.360201600e+00 2.620316000e+00 1.849271100e+00 1.049224900e+00 2.058795200e-01
-7.052307100e-01-1.616771800e+00-2.530541400e+00-3.446402100e+00-4.364267300e+00
-5.284204000e+00-6.206378000e+00-7.131019100e+00-8.058402100e+00-8.988831500e+00
-9.922636000e+00-1.086015700e+01-1.180174700e+01-1.274776100e+01-1.369854800e+01
-5.144618000e+00-4.781025900e+00-4.406665800e+00-4.021348500e+00-3.624839300e+00
-3.216862200e+00-2.797103900e+00-2.365217700e+00-1.920827600e+00-1.463535900e+00
-9.929269000e-01-5.085475400e-01-9.703694800e-03 5.058035300e-01 1.015292300e+00
 1.528254500e+00 2.042789500e+00 2.555683100e+00 3.063987500e+00 3.564589700e+00
 4.054076200e+00 4.528702700e+00 4.984399800e+00 5.416809100e+00 5.821359600e+00
 6.193339800e+00 6.527988900e+00 6.820609600e+00 7.066681400e+00 7.262033500e+00
 7.402960300e+00 7.486337200e+00 7.509697900e+00 7.471281500e+00 7.370060400e+00
 7.205760500e+00 6.978855600e+00 6.690538400e+00 6.342666100e+00 5.937644000e+00
 5.478326800e+00 4.967894600e+00 4.409736200e+00 3.807369700e+00 3.164341700e+00
 2.484181200e+00 1.770217700e+00 1.024111000e+00 2.313025700e-01-6.294644500e-01
-1.493596800e+00-2.363643200e+00-3.239554200e+00-4.121008900e+00-5.007780100e+00
-5.899769300e+00-6.796991800e+00-7.699553500e+00-8.607638400e+00-9.521491100e+00
-1.044141200e+01-1.136774500e+01-1.230087800e+01-1.324122700e+01-1.418924100e+01
-4.898735500e+00-4.563229600e+00-4.216928500e+00-3.859852600e+00-3.491956700e+00
-3.113138000e+00-2.723245900e+00-2.322087000e+00-1.909429000e+00-1.484997400e+00
-1.048466300e+00-5.994287700e-01-1.373380300e-01 3.385897000e-01 8.191154000e-01
 1.285129300e+00 1.754926200e+00 2.222813400e+00 2.685122300e+00 3.138592200e+00
 3.579923200e+00 4.005619500e+00 4.411956300e+00 4.795002000e+00 5.150657200e+00
 5.474734300e+00 5.763045800e+00 6.011486500e+00 6.216140700e+00 6.373384000e+00
 6.479992900e+00 6.533251300e+00 6.531005400e+00 6.471736000e+00 6.354583300e+00
 6.179353700e+00 5.946515600e+00 5.657139300e+00 5.312855200e+00 4.915751000e+00
 4.468304600e+00 3.973290200e+00 3.433644800e+00 2.852381900e+00 2.232503700e+00
 1.577085600e+00 8.891347600e-01 1.459039700e-01-6.626247200e-01-1.476151200e+00
-2.298205900e+00-3.129088900e+00-3.968555200e+00-4.816308500e+00-5.672116300e+00
-6.535837200e+00-7.407430600e+00-8.286950100e+00-9.174537700e+00-1.007042000e+01
-1.097489800e+01-1.188834700e+01-1.281120900e+01-1.374399100e+01-1.468726100e+01
-4.654491400e+00-4.346635800e+00-4.028290300e+00-3.699618600e+00-3.360713500e+00
-3.011609300e+00-2.652290800e+00-2.282702400e+00-1.902754100e+00-1.512327300e+00
-1.111284700e+00-6.994866700e-01-2.768312400e-01 1.566783300e-01 6.017998500e-01
 1.029869000e+00 1.456198700e+00 1.879090800e+00 2.295201100e+00 2.701437700e+00
 3.094668400e+00 3.471648700e+00 3.828992800e+00 4.163157900e+00 4.470503300e+00
 4.747351200e+00 4.990033600e+00 5.194992500e+00 5.358860000e+00 5.478535700e+00
 5.551281500e+00 5.574783800e+00 5.547222100e+00 5.467308500e+00 5.334316300e+00
 5.148082700e+00 4.909000400e+00 4.617982400e+00 4.276427300e+00 3.886155600e+00
 3.449366800e+00 2.968569500e+00 2.446488100e+00 1.885891000e+00 1.288742700e+00
 6.511516000e-01-6.513140400e-02-8.025045400e-01-1.557200000e+00-2.326056200e+00
-3.107493200e+00-3.900625200e+00-4.704864000e+00-5.519786400e+00-6.345096100e+00
-7.180610200e+00-8.026254700e+00-8.882062000e+00-9.748164200e+00-1.062479200e+01
-1.151227500e+01-1.241103400e+01-1.332158300e+01-1.424453300e+01-1.518058500e+01
-4.414732900e+00-4.133422900e+00-3.842304700e+00-3.541609800e+00-3.231510900e+00
-2.912132700e+00-2.583560700e+00-2.245847700e+00-1.899020900e+00-1.543087500e+00
-1.178040500e+00-8.038579800e-01-4.204692800e-01-2.754715800e-02 3.765910900e-01
 7.783836100e-01 1.156358100e+00 1.533111900e+00 1.903064400e+00 2.262606400e+00
 2.608590100e+00 2.937937000e+00 3.247543800e+00 3.534226700e+00 3.794780500e+00
 4.025976700e+00 4.224638500e+00 4.387708200e+00 4.512305700e+00 4.595799900e+00
 4.635872400e+00 4.630576100e+00 4.578377200e+00 4.478187100e+00 4.329388100e+00
 4.131819700e+00 3.885779400e+00 3.592016500e+00 3.251686800e+00 2.866344900e+00
 2.437964200e+00 1.968838600e+00 1.461395500e+00 9.170835000e-01 3.216010000e-01
-3.385732500e-01-1.021197800e+00-1.720313500e+00-2.435077900e+00-3.164858600e+00
-3.908931700e+00-4.666614500e+00-5.437332200e+00-6.220634900e+00-7.016197200e+00
-7.823814400e+00-8.643399200e+00-9.474979400e+00-1.031869600e+01-1.117479900e+01
-1.204365300e+01-1.292573500e+01-1.382163700e+01-1.473206900e+01-1.565786500e+01
-4.180275900e+00-3.924179600e+00-3.659274800e+00-3.385801600e+00-3.103964600e+00
-2.813939600e+00-2.515878200e+00-2.209913000e+00-1.896161000e+00-1.574727300e+00
-1.245709100e+00-9.091973300e-01-5.652787100e-01-2.140382500e-01 1.444735200e-01
 5.104868400e-01 8.608304900e-01 1.191861200e+00 1.516448500e+00 1.830394000e+00
 2.130492000e+00 2.413813100e+00 2.677493800e+00 2.918675700e+00 3.134516200e+00
 3.322197200e+00 3.478963600e+00 3.602217000e+00 3.689489400e+00 3.738554700e+00
 3.747467000e+00 3.714592200e+00 3.638640200e+00 3.518693400e+00 3.354226400e+00
 3.145058400e+00 2.891379600e+00 2.593729300e+00 2.252940700e+00 1.870188800e+00
 1.446970800e+00 9.842099000e-01 4.751772000e-01-9.654673200e-02-6.926414400e-01
-1.311783700e+00-1.952142700e+00-2.611759900e+00-3.289137600e+00-3.983145700e+00
-4.692887300e+00-5.417633100e+00-6.156796000e+00-6.909920700e+00-7.676678700e+00
-8.456864400e+00-9.250393900e+00-1.005730300e+01-1.087774700e+01-1.171200500e+01
-1.256047600e+01-1.342368700e+01-1.430229800e+01-1.519710400e+01-1.610905100e+01
-3.950212000e+00-3.718097900e+00-3.478375900e+00-3.231262000e+00-2.976964200e+00
-2.715684400e+00-2.447618200e+00-2.172958100e+00-1.891893500e+00-1.604613800e+00
-1.311309600e+00-1.012176200e+00-7.074146900e-01-3.972023400e-01-8.145875500e-02
 2.415943900e-01 5.630700000e-01 8.637618400e-01 1.143114400e+00 1.412399600e+00
 1.668031500e+00 1.907084900e+00 2.126861800e+00 2.324753300e+00 2.498210700e+00
 2.644751800e+00 2.761991000e+00 2.847676800e+00 2.899723100e+00 2.916256200e+00
 2.895646100e+00 2.836527600e+00 2.737830200e+00 2.598799200e+00 2.418986100e+00
 2.198241500e+00 1.936655300e+00 1.634533000e+00 1.291904400e+00 9.073912500e-01
 4.726693600e-01-2.122150900e-02-5.395565600e-01-1.081587300e+00-1.646406300e+00
-2.232962400e+00-2.840092200e+00-3.466610400e+00-4.111416800e+00-4.773544800e+00
-5.452168000e+00-6.146597400e+00-6.856272200e+00-7.580757600e+00-8.319740300e+00
-9.073028600e+00-9.840550400e+00-1.062235700e+01-1.141862100e+01-1.222964200e+01
-1.305585000e+01-1.389780600e+01-1.475621700e+01-1.563193700e+01-1.652598000e+01
-3.722520600e+00-3.513432500e+00-3.298001800e+00-3.076413400e+00-2.848871700e+00
-2.615595100e+00-2.376816500e+00-2.132780100e+00-1.883740200e+00-1.629959800e+00
-1.371707700e+00-1.109253000e+00-8.428539600e-01-5.727355500e-01-2.990601100e-01
-2.191448400e-02 2.586975100e-01 5.338717700e-01 7.895779000e-01 1.015898800e+00
 1.227954400e+00 1.424342900e+00 1.602198000e+00 1.759022600e+00 1.892451000e+00
 2.000256100e+00 2.080333200e+00 2.130723700e+00 2.149642900e+00 2.135522600e+00
 2.087028300e+00 2.003011700e+00 1.882554100e+00 1.725122300e+00 1.530263100e+00
 1.298000500e+00 1.027048700e+00 7.175542700e-01 3.480018100e-01-7.528133700e-02
-5.227176000e-01-9.938739500e-01-1.488213900e+00-2.005060400e+00-2.543626500e+00
-3.103049300e+00-3.682423100e+00-4.280842300e+00-4.897437600e+00-5.531410200e+00
-6.182047400e+00-6.848736800e+00-7.530971100e+00-8.228352500e+00-8.940593700e+00
-9.667523400e+00-1.040908600e+01-1.116534500e+01-1.193648700e+01-1.272282400e+01
-1.352479800e+01-1.434298900e+01-1.517811900e+01-1.603106300e+01-1.690285900e+01
-3.494773100e+00-3.308066100e+00-3.116213600e+00-2.919385900e+00-2.717794200e+00
-2.511683900e+00-2.301330100e+00-2.087033000e+00-1.869117400e+00-1.647928400e+00
-1.423831500e+00-1.197210000e+00-9.684630600e-01-7.380068300e-01-5.062755900e-01
-2.737293500e-01-4.084442600e-02 1.920409400e-01 4.191869200e-01 6.293915500e-01
 8.144872800e-01 9.715721000e-01 1.108996200e+00 1.226915400e+00 1.322559200e+00
 1.393912100e+00 1.439107300e+00 1.456363000e+00 1.444025600e+00 1.400751400e+00
 1.325856600e+00 1.218189400e+00 1.075684100e+00 8.997580400e-01 6.845715000e-01
 4.207522300e-01 1.161457800e-01-2.374570100e-01-6.165687400e-01-1.020637200e+00
-1.448820700e+00-1.900294300e+00-2.374259700e+00-2.869922200e+00-3.386477000e+00
-3.923111900e+00-4.479016300e+00-5.053398600e+00-5.645504000e+00-6.254631000e+00
-6.880147000e+00-7.521501100e+00-8.178231200e+00-8.849971800e+00-9.536460900e+00
-1.023754200e+01-1.095317200e+01-1.168342200e+01-1.242848200e+01-1.318866300e+01
-1.396440700e+01-1.475628300e+01-1.556500300e+01-1.639142200e+01-1.723655100e+01
-3.264812500e+00-3.100063100e+00-2.931186400e+00-2.758374200e+00-2.581872500e+00
-2.401972800e+00-2.219007700e+00-2.033345700e+00-1.845388400e+00-1.655571000e+00
-1.464361900e+00-1.272265200e+00-1.079826400e+00-8.876406000e-01-6.963675000e-01
-5.067526700e-01-3.196478800e-01-1.359534000e-01 4.399762700e-02 2.183907900e-01
 3.787430800e-01 5.188496700e-01 6.348626000e-01 7.263276000e-01 7.914019800e-01
 8.289764500e-01 8.411844400e-01 8.273043600e-01 7.849203300e-01 7.084318400e-01
 5.988359500e-01 4.553294200e-01 2.744716100e-01 5.707752300e-02-2.032825400e-01
-4.888466600e-01-8.000997300e-01-1.138769100e+00-1.503577800e+00-1.893175000e+00
-2.306412900e+00-2.742293100e+00-3.199905400e+00-3.678390500e+00-4.176919000e+00
-4.694685900e+00-5.230910300e+00-5.784842500e+00-6.355774400e+00-6.943048500e+00
-7.546071500e+00-8.164321900e+00-8.797362300e+00-9.444842300e+00-1.010651200e+01
-1.078222100e+01-1.147192800e+01-1.217570300e+01-1.289372800e+01-1.362630400e+01
-1.437385500e+01-1.513692400e+01-1.591618600e+01-1.671244400e+01-1.752664200e+01
-3.031322500e+00-2.888127100e+00-2.741577400e+00-2.591934900e+00-2.439517000e+00
-2.284688700e+00-2.127857700e+00-1.969470900e+00-1.810012600e+00-1.650005900e+00
-1.490014000e+00-1.330644600e+00-1.172557100e+00-1.016471500e+00-8.631814700e-01
-7.135705400e-01-5.686301600e-01-4.294853500e-01-2.974472000e-01-1.741351600e-01
-6.119751600e-02 3.823689000e-02 1.201265300e-01 1.790507900e-01 2.133526700e-01
 2.216055100e-01 2.025851300e-01 1.548418300e-01 7.568255100e-02-4.039143400e-02
-1.802958800e-01-3.491188300e-01-5.490159400e-01-7.767543800e-01-1.032470000e+00
-1.314849300e+00-1.622925800e+00-1.956028000e+00-2.313376900e+00-2.694099400e+00
-3.097296200e+00-3.522078500e+00-3.967577500e+00-4.432947600e+00-4.917363600e+00
-5.420023900e+00-5.940152200e+00-6.477003600e+00-7.029876200e+00-7.598116900e+00
-8.181134200e+00-8.778405200e+00-9.389490100e+00-1.001403500e+01-1.065178100e+01
-1.130257400e+01-1.196636300e+01-1.264320800e+01-1.333327800e+01-1.403685800e+01
-1.475434500e+01-1.548624600e+01-1.623318700e+01-1.699589900e+01-1.777523400e+01
-2.794174000e+00-2.671860900e+00-2.546724600e+00-2.419144400e+00-2.289543400e+00
-2.158382900e+00-2.026161000e+00-1.893409400e+00-1.760695300e+00-1.628622100e+00
-1.497831900e+00-1.369012100e+00-1.242899700e+00-1.120291900e+00-1.002057200e+00
-8.891495500e-01-7.826277000e-01-6.836801200e-01-5.936576700e-01-5.141149800e-01
-4.468567700e-01-3.940157000e-01-3.579587600e-01-3.410511900e-01-3.452460200e-01
-3.721576300e-01-4.231663600e-01-4.994967900e-01-6.021847700e-01-7.317453600e-01
-8.875709200e-01-1.069668100e+00-1.278032100e+00-1.512243400e+00-1.771817400e+00
-2.056143000e+00-2.364558900e+00-2.696387300e+00-3.050916200e+00-3.427394600e+00
-3.825038200e+00-4.243041000e+00-4.680585900e+00-5.136850800e+00-5.611016300e+00
-6.102271600e+00-6.609822300e+00-7.132899800e+00-7.670771600e+00-8.222753500e+00
-8.788219500e+00-9.366613400e+00-9.957462300e+00-1.056038600e+01-1.117510100e+01
-1.180143200e+01-1.243931200e+01-1.308879000e+01-1.375002300e+01-1.442328100e+01
-1.510893900e+01-1.580747600e+01-1.651946600e+01-1.724558100e+01-1.798657000e+01
-2.554375600e+00-2.451715000e+00-2.346603900e+00-2.239566800e+00-2.131150500e+00
-2.021924300e+00-1.912481200e+00-1.803438700e+00-1.695440500e+00-1.589159100e+00
-1.485298800e+00-1.384599800e+00-1.287844700e+00-1.195864300e+00-1.109547600e+00
-1.029850500e+00-9.578082000e-01-8.945479400e-01-8.413015600e-01-7.994154700e-01
-7.703525400e-01-7.556754900e-01-7.569963300e-01-7.758945200e-01-8.138313900e-01
-8.721081000e-01-9.518503000e-01-1.053994800e+00-1.179261100e+00-1.328110000e+00
-1.500747200e+00-1.697244600e+00-1.917553100e+00-2.161485900e+00-2.428738600e+00
-2.718905200e+00-3.031497700e+00-3.365960800e+00-3.721679700e+00-4.097985300e+00
-4.494160700e+00-4.909446700e+00-5.343050000e+00-5.794150800e+00-6.261911400e+00
-6.745484400e+00-7.244024300e+00-7.756700000e+00-8.282708200e+00-8.821289100e+00
-9.371739400e+00-9.933431600e+00-1.050582700e+01-1.108848700e+01-1.168108500e+01
-1.228341600e+01-1.289539500e+01-1.351706200e+01-1.414857700e+01-1.479021200e+01
-1.544234500e+01-1.610545000e+01-1.678007900e+01-1.746685600e+01-1.816646800e+01
-2.313556000e+00-2.228596400e+00-2.141533100e+00-2.053029100e+00-1.963749100e+00
-1.874365700e+00-1.785561700e+00-1.698032400e+00-1.612488300e+00-1.529657400e+00
-1.450288100e+00-1.375152600e+00-1.305051000e+00-1.240816000e+00-1.183317900e+00
-1.133471000e+00-1.092238300e+00-1.060636600e+00-1.039738900e+00-1.030672600e+00
-1.034611800e+00-1.052759900e+00-1.086322900e+00-1.136474500e+00-1.204321100e+00
-1.290872100e+00-1.397018100e+00-1.523513900e+00-1.670964700e+00-1.839819000e+00
-2.030372600e+00-2.242785200e+00-2.477091800e+00-2.733211800e+00-3.010956300e+00
-3.310038600e+00-3.630080700e+00-3.970622800e+00-4.331127200e+00-4.710985200e+00
-5.109518500e+00-5.525986200e+00-5.959590900e+00-6.409483000e+00-6.874770200e+00
-7.354528400e+00-7.847814600e+00-8.353682500e+00-8.871201500e+00-9.399477000e+00
-9.937671700e+00-1.048503100e+01-1.104090400e+01-1.160475900e+01-1.217620400e+01
-1.275499100e+01-1.334102500e+01-1.393435800e+01-1.453518100e+01-1.514381100e+01
-1.576067500e+01-1.638629000e+01-1.702124000e+01-1.766616100e+01-1.832171200e+01
-2.073164000e+00-2.003279400e+00-1.931726800e+00-1.859275300e+00-1.786687300e+00
-1.714721400e+00-1.644136900e+00-1.575695200e+00-1.510161200e+00-1.448305500e+00
-1.390905700e+00-1.338748700e+00-1.292632600e+00-1.253370000e+00-1.221791100e+00
-1.198745800e+00-1.185106900e+00-1.181770400e+00-1.189656000e+00-1.209703000e+00
-1.242863500e+00-1.290091500e+00-1.352327800e+00-1.430482300e+00-1.525415900e+00
-1.637922600e+00-1.768715000e+00-1.918411900e+00-2.087528700e+00-2.276473300e+00
-2.485544000e+00-2.714931500e+00-2.964721900e+00-3.234900700e+00-3.525355100e+00
-3.835878600e+00-4.166171100e+00-4.515842000e+00-4.884412300e+00-5.271313700e+00
-5.675888500e+00-6.097392100e+00-6.534994600e+00-6.987783900e+00-7.454772500e+00
-7.934908400e+00-8.427088700e+00-8.930180500e+00-9.443045600e+00-9.964567200e+00
-1.049368800e+01-1.102944600e+01-1.157100300e+01-1.211768400e+01-1.266899600e+01
-1.322464500e+01-1.378454000e+01-1.434878600e+01-1.491766800e+01-1.549162100e+01
-1.607120300e+01-1.665706400e+01-1.724990500e+01-1.785044700e+01-1.845941000e+01
-1.833797100e+00-1.775884200e+00-1.716881500e+00-1.657631200e+00-1.598967600e+00
-1.541719100e+00-1.486708000e+00-1.434750800e+00-1.386657000e+00-1.343229400e+00
-1.305264000e+00-1.273549900e+00-1.248870600e+00-1.232005000e+00-1.223729500e+00
-1.224819300e+00-1.236050000e+00-1.258198900e+00-1.292044000e+00-1.338363200e+00
-1.397929400e+00-1.471505400e+00-1.559835900e+00-1.663638400e+00-1.783593100e+00
-1.920332900e+00-2.074434500e+00-2.246410100e+00-2.436700100e+00-2.645668500e+00
-2.873600200e+00-3.120697500e+00-3.387078800e+00-3.672777900e+00-3.977742200e+00
-4.301830800e+00-4.644810700e+00-5.006354800e+00-5.386036400e+00-5.783324700e+00
-6.197576500e+00-6.628034100e+00-7.073818700e+00-7.533928400e+00-8.007240300e+00
-8.492514600e+00-8.988410900e+00-9.493512200e+00-1.000635200e+01-1.052546300e+01
-1.104942800e+01-1.157693900e+01-1.210685600e+01-1.263826600e+01-1.317052500e+01
-1.370328600e+01-1.423650200e+01-1.477041100e+01-1.530550200e+01-1.584246300e+01
-1.638212400e+01-1.692540400e+01-1.747324900e+01-1.802659000e+01-1.858630400e+01
-1.594909100e+00-1.545604100e+00-1.495924100e+00-1.446764900e+00-1.399021100e+00
-1.353581500e+00-1.311326700e+00-1.273123700e+00-1.239823300e+00-1.212256600e+00
-1.191231600e+00-1.177532900e+00-1.171920100e+00-1.175128800e+00-1.187871500e+00
-1.210839700e+00-1.244707000e+00-1.290129700e+00-1.347750500e+00-1.418198300e+00
-1.502088800e+00-1.600022600e+00-1.712583100e+00-1.840332500e+00-1.983807000e+00
-2.143512000e+00-2.319916700e+00-2.513448500e+00-2.724487800e+00-2.953364800e+00
-3.200353600e+00-3.465669400e+00-3.749463800e+00-4.051820800e+00-4.372750800e+00
-4.712186300e+00-5.069972500e+00-5.445860400e+00-5.839493300e+00-6.250395800e+00
-6.677960900e+00-7.121431800e+00-7.579887400e+00-8.052228900e+00-8.537168500e+00
-9.033224100e+00-9.538726800e+00-1.005184000e+01-1.057060300e+01-1.109298400e+01
-1.161697200e+01-1.214067400e+01-1.266242900e+01-1.318091900e+01-1.369525200e+01
-1.420502000e+01-1.471030500e+01-1.521163900e+01-1.570992600e+01-1.620634500e+01
-1.670224000e+01-1.719902000e+01-1.769807100e+01-1.820068700e+01-1.870802100e+01
-1.354877400e+00-1.310691700e+00-1.266941200e+00-1.224578900e+00-1.184564700e+00
-1.147856400e+00-1.115400800e+00-1.088124800e+00-1.066926400e+00-1.052669000e+00
-1.046174400e+00-1.048218700e+00-1.059531300e+00-1.080794300e+00-1.112644300e+00
-1.155676600e+00-1.210449100e+00-1.277488000e+00-1.357293600e+00-1.450344400e+00
-1.557102300e+00-1.678014800e+00-1.813517100e+00-1.964033100e+00-2.129973600e+00
-2.311735600e+00-2.509699100e+00-2.724224100e+00-2.955646500e+00-3.204275600e+00
-3.470387900e+00-3.754224100e+00-4.055982100e+00-4.375813500e+00-4.713812800e+00
-5.070010700e+00-5.444363600e+00-5.836738100e+00-6.246893900e+00-6.674465700e+00
-7.118936100e+00-7.579607500e+00-8.055570600e+00-8.545666700e+00-9.048458100e+00
-9.562192900e+00-1.008478800e+01-1.061383300e+01-1.114662100e+01-1.168022400e+01
-1.221162600e+01-1.273789700e+01-1.325642000e+01-1.376512100e+01-1.426266600e+01
-1.474858200e+01-1.522326500e+01-1.568787800e+01-1.614417500e+01-1.659427100e+01
-1.704044700e+01-1.748495300e+01-1.792987800e+01-1.837707500e+01-1.882809300e+01
-1.111253100e+00-1.068597600e+00-1.027228800e+00-9.881831400e-01-9.525139900e-01
-9.212763900e-01-8.955115700e-01-8.762312500e-01-8.644030700e-01-8.609375400e-01
-8.666780600e-01-8.823939600e-01-9.087768800e-01-9.464414700e-01-9.959290000e-01
-1.057714300e+00-1.132215100e+00-1.219802100e+00-1.320810600e+00-1.435549900e+00
-1.564314500e+00-1.707391000e+00-1.865064100e+00-2.037621300e+00-2.225354700e+00
-2.428562400e+00-2.647547000e+00-2.882614900e+00-3.134071600e+00-3.402220700e+00
-3.687358900e+00-3.989770200e+00-4.309722400e+00-4.647459000e+00-5.003192900e+00
-5.377093800e+00-5.769278500e+00-6.179792400e+00-6.608590100e+00-7.055506200e+00
-7.520223100e+00-8.002224900e+00-8.500743900e+00-9.014697100e+00-9.542607300e+00
-1.008252400e+01-1.063194200e+01-1.118774200e+01-1.174616700e+01-1.230287700e+01
-1.285311400e+01-1.339201700e+01-1.391506400e+01-1.441862200e+01-1.490045100e+01
-1.536001800e+01-1.579850500e+01-1.621851000e+01-1.662355800e+01-1.701760500e+01
-1.740458700e+01-1.778812400e+01-1.817135000e+01-1.855683300e+01-1.894657300e+01
-8.610633000e-01-8.161689600e-01-7.733941700e-01-7.339085900e-01-6.989127400e-01
-6.696143200e-01-6.472032100e-01-6.328257900e-01-6.275605000e-01-6.323966400e-01
-6.482175000e-01-6.757887000e-01-7.157540300e-01-7.686365800e-01-8.348472700e-01
-9.146978900e-01-1.008418400e+00-1.116176600e+00-1.238097500e+00-1.374282700e+00
-1.524826900e+00-1.689831300e+00-1.869414700e+00-2.063720000e+00-2.272919700e+00
-2.497216200e+00-2.736843600e+00-2.992065200e+00-3.263171200e+00-3.550475400e+00
-3.854311900e+00-4.175030700e+00-4.512992900e+00-4.868566000e+00-5.242115500e+00
-5.634000300e+00-6.044558000e+00-6.474092500e+00-6.922853900e+00-7.391009800e+00
-7.878606300e+00-8.385516200e+00-8.911362600e+00-9.455425300e+00-1.001650600e+01
-1.059276500e+01-1.118152400e+01-1.177904200e+01-1.238030500e+01-1.297890700e+01
-1.356710800e+01-1.413625900e+01-1.467769000e+01-1.518408000e+01-1.565098600e+01
-1.607789000e+01-1.646814700e+01-1.682791700e+01-1.716469600e+01-1.748604600e+01
-1.779876500e+01-1.810849200e+01-1.841961900e+01-1.873538800e+01-1.905806000e+01
-6.011200000e-01-5.498662600e-01-5.014709800e-01-4.573154200e-01-4.188348700e-01
-3.874830900e-01-3.646917600e-01-3.518284900e-01-3.501561900e-01-3.607975800e-01
-3.847071200e-01-4.226530800e-01-4.752109300e-01-5.427685400e-01-6.255426400e-01
-7.236046200e-01-8.369128700e-01-9.653481800e-01-1.108748600e+00-1.266940700e+00
-1.439766300e+00-1.627102500e+00-1.828876000e+00-2.045071800e+00-2.275738000e+00
-2.520985600e+00-2.780988700e+00-3.055980400e+00-3.346250800e+00-3.652140400e+00
-3.974039100e+00-4.312381700e+00-4.667644500e+00-5.040344200e+00-5.431032200e+00
-5.840295300e+00-6.268748800e+00-6.717030500e+00-7.185792000e+00-7.675677800e+00
-8.187302600e+00-8.721202900e+00-9.277768100e+00-9.857135800e+00-1.045902000e+01
-1.108247200e+01-1.172551000e+01-1.238462300e+01-1.305410400e+01-1.372528500e+01
-1.438587100e+01-1.501981800e+01-1.560856500e+01-1.613445500e+01-1.658624800e+01
-1.696390900e+01-1.727804600e+01-1.754490500e+01-1.778131100e+01-1.800171300e+01
-1.821715500e+01-1.843543600e+01-1.866167600e+01-1.889900600e+01-1.914913600e+01
-3.283720300e-01-2.660208000e-01-2.070573300e-01-1.531903700e-01-1.062292200e-01
-6.802747400e-02-4.041653100e-02-2.513383300e-02-2.375333900e-02-3.762469400e-02
-6.782633100e-02-1.151360400e-01-1.800214900e-01-2.626521300e-01-3.629321800e-01
-4.805513300e-01-6.150468600e-01-7.658690200e-01-9.324420700e-01-1.114215500e+00
-1.310702300e+00-1.521505400e+00-1.746331600e+00-1.984998100e+00-2.237431300e+00
-2.503664000e+00-2.783826600e+00-3.078142400e+00-3.386919500e+00-3.710544800e+00
-4.049480900e+00-4.404260600e+00-4.775489300e+00-5.163844100e+00-5.570076500e+00
-5.995017500e+00-6.439585200e+00-6.904792300e+00-7.391754600e+00-7.901700000e+00
-8.435973200e+00-8.996035600e+00-9.583446500e+00-1.019982100e+01-1.084672300e+01
-1.152546200e+01-1.223670900e+01-1.297978900e+01-1.375143400e+01-1.454370600e+01
-1.534082300e+01-1.611512900e+01-1.682427200e+01-1.741564900e+01-1.784793500e+01
-1.812529800e+01-1.829052200e+01-1.839231500e+01-1.846847000e+01-1.854335600e+01
-1.863087700e+01-1.873806400e+01-1.886782100e+01-1.902073300e+01-1.919613800e+01
-4.040538100e-02 3.877271700e-02 1.144550000e-01 1.844350000e-01 2.463076100e-01
 2.975584300e-01 3.356806900e-01 3.583059000e-01 3.633290500e-01 3.490133300e-01
 3.140679300e-01 2.576967500e-01 1.796157700e-01 8.003232600e-02-4.041884500e-02
-1.807787900e-01-3.398904200e-01-5.165255700e-01-7.094937600e-01-9.177221100e-01
-1.140304600e+00-1.376525000e+00-1.625861500e+00-1.887977400e+00-2.162707300e+00
-2.450040100e+00-2.750100400e+00-3.063135900e+00-3.389502500e+00-3.729656700e+00
-4.084147900e+00-4.453617100e+00-4.838797100e+00-5.240517100e+00-5.659712800e+00
-6.097437400e+00-6.554882500e+00-7.033401500e+00-7.534544500e+00-8.060097700e+00
-8.612143500e+00-9.193121900e+00-9.805927300e+00-1.045401100e+01-1.114151400e+01
-1.187339900e+01-1.265555700e+01-1.349474400e+01-1.439802800e+01-1.537087600e+01
-1.641169900e+01-1.749791100e+01-1.855451600e+01-1.940330300e+01-1.978390700e+01
-1.975028200e+01-1.955089000e+01-1.933217400e+01-1.915316800e+01-1.903094300e+01
-1.896597500e+01-1.895316700e+01-1.898615800e+01-1.905884600e+01-1.916582700e+01
 2.636881800e-01 3.669208900e-01 4.673776000e-01 5.621302100e-01 6.478160000e-01
 7.207884200e-01 7.773496500e-01 8.140204000e-01 8.277827500e-01 8.162503200e-01
 7.777727800e-01 7.115089900e-01 6.174810500e-01 4.965704100e-01 3.504050100e-01
 1.811320900e-01-8.868975600e-03-2.172557100e-01-4.419188200e-01-6.810911300e-01
-9.333834100e-01-1.197772500e+00-1.473564100e+00-1.760348100e+00-2.057951700e+00
-2.366401000e+00-2.685886400e+00-3.016738400e+00-3.359405300e+00-3.714442700e+00
-4.082504300e+00-4.464338800e+00-4.860793600e+00-5.272820500e+00-5.701490400e+00
-6.148011700e+00-6.613756200e+00-7.100297500e+00-7.609461300e+00-8.143389700e+00
-8.704637500e+00-9.296297100e+00-9.922179200e+00-1.058707600e+01-1.129714900e+01
-1.206052700e+01-1.288826200e+01-1.379593200e+01-1.480646400e+01-1.595547000e+01
-1.730198100e+01-1.895085300e+01-2.108463500e+01-2.360937700e+01-2.357572200e+01
-2.192628900e+01-2.078923200e+01-2.006141700e+01-1.958722900e+01-1.927986100e+01
-1.908961100e+01-1.898592800e+01-1.894880700e+01-1.896444100e+01-1.902287500e+01
 0.109000000E+01 0.109022217E+01 0.109088867E+01 0.109199953E+01 0.109355479E+01
 0.109555461E+01 0.109799927E+01 0.110088931E+01 0.110422562E+01 0.110800953E+01
 0.111224299E+01 0.111692873E+01 0.112207040E+01 0.112767282E+01 0.113374215E+01
 0.114028615E+01 0.114731445E+01 0.115483879E+01 0.116287332E+01 0.117143493E+01
 0.118054357E+01 0.119022258E+01 0.120049911E+01 0.121140443E+01 0.122297440E+01
 0.123524987E+01 0.124827712E+01 0.126210833E+01 0.127680206E+01 0.129242374E+01
 0.130904620E+01 0.132675020E+01 0.134562500E+01 0.136576892E+01 0.138728993E+01
 0.141030628E+01 0.143494712E+01 0.146135317E+01 0.148967735E+01 0.152008551E+01
 0.155275711E+01 0.158788596E+01 0.162568096E+01 0.166636686E+01 0.171018506E+01
 0.175739438E+01 0.180827192E+01 0.186311385E+01 0.192223633E+01 0.198597632E+01
 0.205469254E+01 0.212876633E+01 0.220860261E+01 0.229463085E+01 0.238730600E+01
 0.248710951E+01 0.259455032E+01 0.271016592E+01 0.283452334E+01 0.296822029E+01
 0.311188617E+01 0.326618323E+01 0.343180766E+01 0.360949074E+01 0.380000000E+01
   96  104
 0.512751239E+01-0.341435339E+01 0.504849670E+01-0.325366136E+01 0.498600871E+01
-0.307294936E+01 0.492890412E+01-0.288601746E+01 0.487451269E+01-0.269610869E+01
 0.482317106E+01-0.250515085E+01 0.477048833E+01-0.231385642E+01 0.471877156E+01
-0.212151292E+01 0.466703208E+01-0.193160415E+01 0.461596106E+01-0.173926066E+01
 0.456554733E+01-0.154598024E+01 0.451693907E+01-0.135045957E+01 0.447037848E+01
-0.115492598E+01 0.442638319E+01-0.955278299E+00 0.438450620E+01-0.753195890E+00
 0.434645971E+01-0.548678753E+00 0.431166806E+01-0.339292161E+00 0.428034172E+01
-0.127470841E+00 0.425354271E+01 0.892199344E-01 0.423222263E+01 0.310780166E+00
 0.421511602E+01 0.537209852E+00 0.420285082E+01 0.768508995E+00 0.419590008E+01
 0.100467759E+01 0.419475507E+01 0.124815038E+01 0.419972250E+01 0.148675370E+01
 0.421075020E+01 0.171805284E+01 0.422881893E+01 0.194448253E+01 0.425230143E+01
 0.216360803E+01 0.428240899E+01 0.237786408E+01 0.432007566E+01 0.258264183E+01
 0.436425744E+01 0.278202890E+01 0.441768476E+01 0.297193767E+01 0.447915136E+01
 0.315454225E+01 0.455096485E+01 0.332512842E+01 0.463602929E+01 0.348420142E+01
 0.473599494E+01 0.362687945E+01 0.485350298E+01 0.375348530E+01 0.499329995E+01
 0.385808525E+01 0.515856800E+01 0.393421816E+01 0.536272266E+01 0.397473351E+01
 0.559118144E+01 0.396990838E+01 0.579650653E+01 0.393122043E+01 0.598004746E+01
 0.387100475E+01 0.615017634E+01 0.379953843E+01 0.631145811E+01 0.371696438E+01
 0.646301862E+01 0.362444472E+01 0.660952432E+01 0.352705829E+01 0.674647575E+01
 0.342236231E+01 0.687906068E+01 0.331036484E+01 0.700568158E+01 0.319382943E+01
 0.712720221E+01 0.307264054E+01 0.724386201E+01 0.294659202E+01 0.735566099E+01
 0.281569032E+01 0.746259915E+01 0.267905841E+01 0.756222144E+01 0.253368666E+01
 0.765703215E+01 0.238648504E+01 0.774452701E+01 0.223148920E+01 0.782716103E+01
 0.206984215E+01 0.790377774E+01 0.190309216E+01 0.797366257E+01 0.173022648E+01
 0.803436518E+01 0.154762190E+01 0.808869359E+01 0.135771313E+01 0.813136597E+01
 0.115806545E+01 0.816875900E+01 0.951113581E+00 0.819194749E+01 0.731988078E+00
 0.820105049E+01 0.495819480E+00 0.819412904E+01 0.259650881E+00 0.817220694E+01
 0.380906502E-01 0.813520975E+01-0.168861214E+00 0.809207601E+01-0.369166244E+00
 0.803645309E+01-0.558417665E+00 0.797387140E+01-0.738587523E+00 0.790100575E+01
-0.909018470E+00 0.782074094E+01-0.107214523E+01 0.773452018E+01-0.122796781E+01
 0.764001927E+01-0.137751508E+01 0.754141093E+01-0.152256988E+01 0.743586461E+01
-0.166028834E+01 0.732649604E+01-0.179506595E+01 0.721401488E+01-0.192429997E+01
 0.709468820E+01-0.204847109E+01 0.697084230E+01-0.216777275E+01 0.684159605E+01
-0.228220496E+01 0.670917124E+01-0.239249568E+01 0.657543699E+01-0.250133046E+01
 0.643825704E+01-0.260845849E+01 0.629755386E+01-0.271071705E+01 0.615596466E+01
-0.281297562E+01 0.601164282E+01-0.291145949E+01 0.586645914E+01-0.301018857E+01
 0.571756290E+01-0.310486494E+01 0.556687732E+01-0.319758083E+01 0.541133091E+01
-0.328453802E+01 0.525002301E+01-0.336565884E+01 0.512751239E+01-0.341435339E+01
 0.512751239E+01-0.341435339E+01
 0.623648000E+01-0.323689000E+01 0.625810000E+01-0.305133000E+01 0.645968000E+01
-0.289515000E+01 0.666126000E+01-0.273898000E+01 0.686284000E+01-0.258280000E+01
 0.706442000E+01-0.242663000E+01 0.726600000E+01-0.227045000E+01 0.757468000E+01
-0.181398000E+01 0.788337000E+01-0.135751000E+01 0.808916000E+01-0.893410000E+00
 0.829495000E+01-0.429300000E+00 0.833960000E+01 0.918500000E-01 0.838425000E+01
 0.613000000E+00 0.832141000E+01 0.114150000E+01 0.825857000E+01 0.167000000E+01
 0.807852000E+01 0.205647000E+01 0.789846000E+01 0.244294000E+01 0.764854000E+01
 0.280079000E+01 0.739862000E+01 0.315864000E+01 0.699097000E+01 0.351411000E+01
 0.658331000E+01 0.386959000E+01 0.637405000E+01 0.403070000E+01 0.616479000E+01
 0.419180000E+01 0.595553000E+01 0.435290000E+01 0.574627000E+01 0.451401000E+01
 0.546798000E+01 0.457376000E+01 0.518969000E+01 0.463350000E+01 0.491139000E+01
 0.469325000E+01 0.461641000E+01 0.450709000E+01 0.432144000E+01 0.432094000E+01
 0.422375000E+01 0.407662000E+01 0.412606000E+01 0.383231000E+01 0.402837000E+01
 0.358800000E+01 0.403127000E+01 0.333175000E+01 0.403418000E+01 0.307550000E+01
 0.403709000E+01 0.281925000E+01 0.404000000E+01 0.256300000E+01 0.404000000E+01
 0.205550000E+01 0.404000000E+01 0.154800000E+01 0.404000000E+01 0.104050000E+01
 0.404000000E+01 0.533000000E+00 0.404000000E+01 0.255000000E-01 0.404000000E+01
-0.482000000E+00 0.404000000E+01-0.989500000E+00 0.404000000E+01-0.149700000E+01
 0.404000000E+01-0.175075000E+01 0.404000000E+01-0.200450000E+01 0.404000000E+01
-0.225825000E+01 0.404000000E+01-0.251200000E+01 0.402315000E+01-0.254484000E+01
 0.412746000E+01-0.256078000E+01 0.422633000E+01-0.259765000E+01 0.431561000E+01
-0.265390000E+01 0.439155000E+01-0.272716000E+01 0.445097000E+01-0.281436000E+01
 0.449136000E+01-0.291184000E+01 0.451104000E+01-0.301551000E+01 0.450918000E+01
-0.312101000E+01 0.448586000E+01-0.322392000E+01 0.440073000E+01-0.340839000E+01
 0.436561000E+01-0.350300000E+01 0.431849000E+01-0.359949000E+01 0.427136000E+01
-0.369598000E+01 0.422424000E+01-0.379248000E+01 0.417711000E+01-0.388897000E+01
 0.427993000E+01-0.389704000E+01 0.438274000E+01-0.390513000E+01 0.448556000E+01
-0.391320000E+01 0.448089000E+01-0.397252000E+01 0.445577000E+01-0.404103000E+01
 0.439204000E+01-0.405075000E+01 0.439732000E+01-0.410914000E+01 0.449368000E+01
-0.414884000E+01 0.459026000E+01-0.418799000E+01 0.468684000E+01-0.422714000E+01
 0.478342000E+01-0.426629000E+01 0.488000000E+01-0.430543000E+01 0.497658000E+01
-0.434458000E+01 0.507316000E+01-0.438373000E+01 0.516996000E+01-0.442232000E+01
 0.518403000E+01-0.442745000E+01 0.520633000E+01-0.441940000E+01 0.519442000E+01
-0.437495000E+01 0.519570000E+01-0.435057000E+01 0.522849000E+01-0.430395000E+01
 0.526534000E+01-0.426711000E+01 0.533758000E+01-0.433938000E+01 0.540983000E+01
-0.441165000E+01 0.548207000E+01-0.448392000E+01 0.555432000E+01-0.455619000E+01
 0.555430000E+01-0.443708000E+01 0.555427000E+01-0.431797000E+01 0.555425000E+01
-0.419886000E+01 0.555423000E+01-0.407974000E+01 0.556425000E+01-0.399950000E+01
 0.557068000E+01-0.380757000E+01 0.559793000E+01-0.369111000E+01 0.564567000E+01
-0.358145000E+01 0.571233000E+01-0.348215000E+01 0.579575000E+01-0.339644000E+01
 0.589321000E+01-0.332711000E+01 0.600154000E+01-0.327642000E+01 0.611722000E+01
-0.324602000E+01 0.623648000E+01-0.323689000E+01
    0 0.000000000E+00    0
 0.000000000E+00 0.975386540E-01 0.137992131E+00 0.168960352E+00 0.194993545E+00
 0.217893742E+00 0.238596333E+00 0.257652131E+00 0.275421395E+00 0.292153235E+00
 0.308031397E+00 0.323196071E+00 0.337757538E+00 0.351804988E+00 0.365412700E+00
 0.378642229E+00 0.391546431E+00 0.404169613E+00 0.416550394E+00 0.428721639E+00
 0.440712216E+00 0.452547513E+00 0.464249981E+00 0.475839319E+00 0.487333177E+00
 0.498747475E+00 0.510096771E+00 0.521393863E+00 0.532651143E+00 0.543879354E+00
 0.555089317E+00 0.566290469E+00 0.577492101E+00 0.588702902E+00 0.599931454E+00
 0.611185859E+00 0.622474544E+00 0.633805432E+00 0.645186534E+00 0.656626336E+00
 0.668132976E+00 0.679715090E+00 0.691381378E+00 0.703140950E+00 0.715003697E+00
 0.726979654E+00 0.739079769E+00 0.751315665E+00 0.763699992E+00 0.776246308E+00
 0.788970559E+00 0.801889674E+00 0.815023379E+00 0.828396032E+00 0.842035487E+00
 0.855977202E+00 0.870267353E+00 0.884964083E+00 0.900154142E+00 0.915927948E+00
 0.932030985E+00 0.948035094E+00 0.964135513E+00 0.980766344E+00 0.100000000E+01
    0
0